Solar Photospheric Field Harmonic Coefficients
Spherical harmonic coefficients are computed from WSO field observations using radial photospheric field boundary conditions.
WSO Data Use Policy
Coefficients order=29 center=CT1653:180
Coefficients for 360 degrees 
  Beginning: CT1652:000  1977:03:23_15h:57m:54s. 
  Centered:  CT1653:180  1977:04:06_07h:16m:05s. 
  End time:  CT1653:005  1977:04:19_13h:28m:46s.

Max Harmonic Order:29   Units: microTesla (0.01G)

  l   m      g(uT)      h(uT)

  0   0      -9.25       0.00
  1   0     154.69       0.00
  1   1      17.51      -8.98
  2   0     -59.07       0.00
  2   1     -20.77       8.27
  2   2      14.31     -30.50
  3   0     203.73       0.00
  3   1      24.65      -2.03
  3   2     -20.39     -12.28
  3   3      31.37      14.52
  4   0     -70.20       0.00
  4   1      41.48      14.63
  4   2       8.45      10.53
  4   3     -37.83      33.58
  4   4      44.35     -20.35
  5   0     120.31       0.00
  5   1     -21.57     -18.62
  5   2       1.93     -21.86
  5   3       5.08      38.14
  5   4       6.56     -22.14
  5   5      68.61     -11.86
  6   0       8.39       0.00
  6   1      42.40       1.48
  6   2      -3.20      -0.76
  6   3      16.10     -38.53
  6   4      56.12      -8.45
  6   5     -33.32     -56.54
  6   6     -41.40      22.25
  7   0     -24.57       0.00
  7   1      35.23     -41.96
  7   2       8.49      17.09
  7   3     -36.67     -49.53
  7   4      39.88     -13.63
  7   5      54.86       7.67
  7   6    -115.49     -25.46
  7   7      83.40      52.45
  8   0      -2.32       0.00
  8   1     -42.48     -10.02
  8   2      37.35     -78.42
  8   3      20.64       5.63
  8   4     -74.70       4.36
  8   5      12.60     -46.11
  8   6     -46.79      61.80
  8   7      46.50      -2.68
  8   8      48.37      19.13
  9   0     -48.06       0.00
  9   1      33.46      14.99
  9   2     -43.83     -54.01
  9   3      -5.63      10.11
  9   4      -8.04      39.00
  9   5     -45.13     -33.48
  9   6      23.15     -31.23
  9   7      75.09      76.83
  9   8       4.11     -81.01
  9   9     -31.12      14.17
 10   0      17.20       0.00
 10   1      54.62       2.56
 10   2      18.01     -14.93
 10   3     -84.69       4.11
 10   4      -0.07      -2.84
 10   5      -7.44      93.84
 10   6      17.25      -1.36
 10   7      49.55     -59.28
 10   8      23.85       5.22
 10   9     -97.92     -89.78
 10  10      38.28      57.90
 11   0    -147.70       0.00
 11   1     -41.30     -17.60
 11   2      39.71       2.58
 11   3     -11.53      53.36
 11   4     -16.87     -34.19
 11   5     -14.20     -14.43
 11   6      41.91       7.89
 11   7     -61.90     -65.47
 11   8      52.87     -25.56
 11   9    -105.68       7.95
 11  10      33.82     -22.50
 11  11     -34.14      60.20
 12   0      85.57       0.00
 12   1      -0.23      12.44
 12   2     -27.77     -39.53
 12   3       3.72      -3.17
 12   4      25.33      41.72
 12   5      25.47     -30.03
 12   6      60.41     -56.07
 12   7     -82.89      12.66
 12   8     -39.39       5.59
 12   9     -16.61     -34.60
 12  10      -0.97     110.51
 12  11      44.79     -72.37
 12  12     -26.38      -6.64
 13   0    -237.23       0.00
 13   1      52.75      -8.23
 13   2       0.14       1.99
 13   3     -46.22     -73.97
 13   4      -2.24      23.83
 13   5      -9.43      32.05
 13   6     -46.82      24.41
 13   7      -6.85     -18.17
 13   8     -50.32      38.59
 13   9     -36.71     -41.86
 13  10      36.37      36.46
 13  11     -25.58      50.99
 13  12      58.71     -93.04
 13  13     -27.47      29.28
 14   0      54.46       0.00
 14   1     -19.98     -15.80
 14   2      43.34     -32.50
 14   3      12.95      22.44
 14   4     -38.70     -50.26
 14   5      15.21      -7.70
 14   6     -62.29      45.22
 14   7      -7.03      -0.28
 14   8      19.49      11.16
 14   9      24.07      34.43
 14  10     -10.84     -24.28
 14  11      59.64       3.56
 14  12     -52.92     -61.27
 14  13      23.77      -3.60
 14  14     -42.43      27.02
 15   0    -236.98       0.00
 15   1     -24.88      -0.27
 15   2     -34.72     -45.21
 15   3     -13.67      23.46
 15   4     -29.57      57.08
 15   5      -1.54     -17.71
 15   6     -14.70      10.57
 15   7      18.75      42.62
 15   8     -18.20     -14.04
 15   9      65.29      18.52
 15  10     -28.61      -4.01
 15  11       8.44     -15.99
 15  12       9.70     -82.07
 15  13    -109.10      48.40
 15  14      67.29      33.72
 15  15      -5.75     -31.12
 16   0      80.80       0.00
 16   1      24.04      16.27
 16   2      11.71     -38.03
 16   3     -75.24     -23.22
 16   4      -2.61       6.10
 16   5     -20.55      66.40
 16   6       9.99     -17.17
 16   7      48.73      -5.00
 16   8      -6.07       6.13
 16   9      -3.91      -4.88
 16  10       0.89     -20.72
 16  11     -39.34      21.47
 16  12     -28.92     -72.24
 16  13       2.92      49.47
 16  14     -29.37      19.84
 16  15      77.55     -22.09
 16  16     -35.02      -2.94
 17   0    -291.85       0.00
 17   1     -19.62      15.98
 17   2      25.20      11.67
 17   3     -21.36      15.42
 17   4     -14.45      -4.09
 17   5      -6.46       5.39
 17   6      -3.72      16.80
 17   7       8.44       3.53
 17   8      43.50      -3.93
 17   9     -40.25      -5.04
 17  10     -22.30     -29.27
 17  11       7.91     -16.88
 17  12     -27.04      18.21
 17  13      -9.51      35.99
 17  14      57.16      28.84
 17  15     -16.80     -74.97
 17  16      -9.94      35.71
 17  17      -8.20     -17.65
 18   0      81.11       0.00
 18   1     -32.78     -14.69
 18   2     -10.27     -15.12
 18   3      -2.84      25.75
 18   4       5.01      10.62
 18   5       6.47     -24.14
 18   6      11.19      -3.73
 18   7     -42.17      24.32
 18   8       7.43       2.53
 18   9       8.07     -18.91
 18  10     -14.09       6.36
 18  11     -29.73     -17.92
 18  12      30.06      74.34
 18  13      -3.65      15.92
 18  14      11.84       2.45
 18  15      53.45     -37.95
 18  16     -87.16     -27.34
 18  17      29.40      39.75
 18  18       7.48     -19.32
 19   0    -185.79       0.00
 19   1       7.31      23.27
 19   2      -6.84     -12.81
 19   3     -42.41     -32.59
 19   4     -31.78      37.92
 19   5      -4.37      22.91
 19   6       5.29      -4.32
 19   7     -12.02      -8.75
 19   8     -27.48      10.64
 19   9     -23.58      -0.45
 19  10      21.30      19.94
 19  11      -1.23      -3.31
 19  12      -1.00      30.76
 19  13      39.32     -26.70
 19  14     -25.45     -15.20
 19  15       6.30     -48.16
 19  16     -21.98      48.10
 19  17     -13.01     -16.18
 19  18      19.84      22.90
 19  19       2.35     -12.06
 20   0      29.70       0.00
 20   1     -26.64       3.44
 20   2      14.04       8.97
 20   3     -19.61      -6.12
 20   4     -26.12     -24.67
 20   5       4.47      25.18
 20   6     -33.99      27.62
 20   7      10.57       1.62
 20   8       6.43       5.20
 20   9     -12.84       4.38
 20  10      -2.55       9.70
 20  11      31.64      10.32
 20  12      -1.35       7.74
 20  13       3.81     -40.33
 20  14       4.24      10.07
 20  15      -8.99     -10.96
 20  16     -38.67       9.36
 20  17       8.95      42.88
 20  18      16.70     -38.96
 20  19     -18.61      12.47
 20  20      -5.39     -14.41
 21   0     -67.07       0.00
 21   1     -41.65      19.42
 21   2      -7.33       2.86
 21   3     -16.28      16.75
 21   4     -20.55      38.72
 21   5      -6.65      -3.02
 21   6     -26.44      18.28
 21   7      -1.39      22.26
 21   8       9.22      11.41
 21   9      28.72       6.06
 21  10      -5.76     -13.89
 21  11      -6.43       5.14
 21  12      -2.54     -17.58
 21  13       8.52      -7.13
 21  14     -20.31     -20.36
 21  15      -6.04      26.40
 21  16     -11.75       7.34
 21  17     -12.33       4.57
 21  18      42.07      17.34
 21  19      -6.48     -49.04
 21  20     -11.65      22.81
 21  21      14.51      -1.46
 22   0      -2.10       0.00
 22   1     -16.62      -7.28
 22   2     -11.39      11.82
 22   3     -31.40       1.88
 22   4      -9.50       5.83
 22   5      -0.32      33.88
 22   6       3.12     -14.34
 22   7       6.12       7.03
 22   8     -11.55       3.04
 22   9      10.76      11.75
 22  10       2.51      -6.25
 22  11      -3.36     -11.94
 22  12     -12.84     -32.91
 22  13       1.54      23.36
 22  14       0.46       3.96
 22  15     -18.86      20.05
 22  16       5.64       9.85
 22  17      -8.28       0.35
 22  18      36.47      -7.41
 22  19     -28.27      -5.37
 22  20       3.85     -12.92
 22  21     -15.66      19.46
 22  22       7.31       4.95
 23   0     127.27       0.00
 23   1     -17.85      33.45
 23   2       8.30      19.19
 23   3     -16.51      -8.32
 23   4     -32.59      28.51
 23   5     -12.05      15.26
 23   6      -4.82      18.77
 23   7      11.28      13.27
 23   8      12.97      -2.79
 23   9     -14.72      -6.45
 23  10      -7.16      -1.84
 23  11       2.50      -2.49
 23  12       7.60      -8.10
 23  13     -18.51      17.61
 23  14       2.95       5.80
 23  15      -6.42      18.02
 23  16      19.84     -16.33
 23  17       5.77      -0.52
 23  18      17.16       5.61
 23  19     -20.51     -33.57
 23  20     -23.04      18.92
 23  21      30.77       8.41
 23  22      -4.85     -10.27
 23  23       1.61     -14.21
 24   0     -74.26       0.00
 24   1     -33.61      -7.17
 24   2     -15.97      54.38
 24   3      -1.08       2.77
 24   4      -9.18     -11.92
 24   5       1.35      13.87
 24   6     -19.74      12.80
 24   7      -6.13      20.23
 24   8      10.76       4.06
 24   9      -1.55      -5.38
 24  10     -10.56      -8.19
 24  11     -12.59       5.10
 24  12      14.51      22.51
 24  13       5.15      -3.94
 24  14      -2.05       1.18
 24  15      -8.20       0.75
 24  16       8.48       1.42
 24  17       9.07     -10.67
 24  18      -4.51       3.14
 24  19     -19.22     -19.65
 24  20      -8.54       3.44
 24  21       3.52      25.10
 24  22      27.73     -10.81
 24  23     -15.02     -13.15
 24  24       6.00      14.13
 25   0     352.60       0.00
 25   1     -17.35      17.46
 25   2      -1.48      19.46
 25   3      -3.22       1.98
 25   4     -26.58      38.32
 25   5      -4.70      16.24
 25   6     -11.74      12.27
 25   7      -6.29       5.54
 25   8      -2.77      12.24
 25   9       4.42       8.76
 25  10       5.77      -1.53
 25  11       4.75      -8.69
 25  12      -8.44      10.34
 25  13       2.43      -0.05
 25  14      18.33      10.39
 25  15       2.99     -20.11
 25  16      -0.36      -1.92
 25  17       7.33      -1.79
 25  18     -16.73      -7.75
 25  19       1.10       2.48
 25  20      -5.87       1.22
 25  21      35.13      11.53
 25  22       0.38     -25.26
 25  23       1.36      -3.17
 25  24      -3.99       3.00
 25  25      -9.21       2.35
 26   0    -132.58       0.00
 26   1     -10.83      -5.05
 26   2     -22.28      62.11
 26   3       5.26      -5.46
 26   4     -15.73      -3.01
 26   5      -0.37      36.20
 26   6     -16.71       7.35
 26   7       7.00      11.36
 26   8      -2.34       0.57
 26   9      -3.87       4.62
 26  10      -2.64       9.58
 26  11       8.69      -0.59
 26  12       5.28      -4.47
 26  13      -2.42      -3.35
 26  14      -6.72       5.32
 26  15       8.77      -3.95
 26  16      -7.74       1.31
 26  17      -4.11      -2.73
 26  18     -16.53       5.14
 26  19      14.03      14.68
 26  20       1.15      -2.74
 26  21      15.86      11.67
 26  22       7.70     -25.04
 26  23     -24.25     -10.95
 26  24      -0.24      26.09
 26  25      10.61     -13.93
 26  26       0.48      -4.99
 27   0     512.05       0.00
 27   1      -5.77       5.78
 27   2       7.02      32.38
 27   3      21.05       4.21
 27   4     -15.44      19.74
 27   5     -13.14      11.27
 27   6     -18.73      23.28
 27   7       3.69      21.58
 27   8      10.84       6.53
 27   9       2.62      -2.82
 27  10      -1.38      -6.82
 27  11      -3.96       4.89
 27  12       2.29       0.41
 27  13      13.10      -0.94
 27  14      -5.15      -1.61
 27  15       0.81      -3.10
 27  16      -1.79      12.20
 27  17      -1.46       2.44
 27  18      -4.66      -0.80
 27  19      13.02      12.48
 27  20       4.28      -8.88
 27  21       8.13       2.21
 27  22       2.68     -25.45
 27  23     -15.50      -6.48
 27  24      -3.62      12.48
 27  25      13.05       2.01
 27  26      -2.45     -16.89
 27  27      -1.55      10.36
 28   0    -158.94       0.00
 28   1       4.74      -2.60
 28   2     -27.99      65.77
 28   3      26.00      -4.37
 28   4      -6.08      -0.04
 28   5       4.58      31.13
 28   6     -23.18       9.33
 28   7       0.43      21.01
 28   8       1.41       3.45
 28   9       1.82       5.13
 28  10      -2.21      -5.05
 28  11      -2.02      -5.59
 28  12       1.24       1.18
 28  13      -0.50       2.54
 28  14       7.03       4.01
 28  15      -7.36       2.39
 28  16      -8.19      -1.97
 28  17      -0.29       9.78
 28  18       7.60      -0.25
 28  19       6.46       0.15
 28  20       6.13      -4.12
 28  21      -6.34      -6.84
 28  22      -0.13      -5.03
 28  23     -11.73      -1.78
 28  24       5.46      28.33
 28  25      14.77     -18.94
 28  26     -17.89      -1.17
 28  27       3.24       1.17
 28  28      -8.74      -2.94
 29   0     538.31       0.00
 29   1      15.87     -17.09
 29   2       8.07      26.02
 29   3      37.87       3.51
 29   4      -3.65       3.59
 29   5     -12.49      13.33
 29   6     -20.55      27.01
 29   7       1.26      18.66
 29   8       5.35       8.85
 29   9       0.80       3.25
 29  10       0.90       1.53
 29  11       3.89      -2.55
 29  12       3.06       0.42
 29  13      -7.11       2.61
 29  14       1.81       3.40
 29  15       6.05       4.48
 29  16       2.99      -0.37
 29  17      -0.63      -4.85
 29  18       6.35       4.80
 29  19       2.74      -1.30
 29  20       5.72      -7.52
 29  21      -9.41      -4.51
 29  22      -3.49       3.60
 29  23      -4.47       0.28
 29  24       5.41      17.69
 29  25      15.07      -7.33
 29  26      -5.51     -21.88
 29  27     -15.64      11.56
 29  28      12.20      -5.55
 29  29       3.10      -0.87