Solar Photospheric Field Harmonic Coefficients
Spherical harmonic coefficients are computed from WSO field observations using radial photospheric field boundary conditions.
WSO Data Use Policy
Coefficients order=29 center=CT1664:180
Coefficients for 360 degrees 
  Beginning: CT1663:000  1978:01:17_16h:38m:01s. 
  Centered:  CT1664:180  1978:01:31_07h:56m:12s. 
  End time:  CT1664:005  1978:02:13_14h:08m:53s.

Max Harmonic Order:29   Units: microTesla (0.01G)

  l   m      g(uT)      h(uT)

  0   0     -21.06       0.00
  1   0     127.00       0.00
  1   1      -1.63      21.58
  2   0     -37.03       0.00
  2   1      -8.09     -67.62
  2   2     -30.36     -96.91
  3   0     284.83       0.00
  3   1      49.61      14.65
  3   2     -28.49     -13.69
  3   3     -77.75      64.30
  4   0     -37.01       0.00
  4   1      23.21      22.69
  4   2       5.81     -83.84
  4   3    -101.65       2.86
  4   4      69.32    -157.14
  5   0     155.63       0.00
  5   1      22.67     -31.59
  5   2      -9.23      69.70
  5   3      46.47      97.72
  5   4     127.89     -35.39
  5   5      15.94     -28.31
  6   0    -127.84       0.00
  6   1     -11.55      41.13
  6   2      33.56     157.66
  6   3     108.61       2.59
  6   4       9.59    -128.77
  6   5     -56.82    -110.67
  6   6    -127.22     -70.74
  7   0     -77.92       0.00
  7   1      78.24     -47.34
  7   2      19.13      55.49
  7   3      23.44    -134.12
  7   4     -70.40     102.45
  7   5      14.87      55.50
  7   6      35.30     -52.37
  7   7     215.82     -19.06
  8   0     104.98       0.00
  8   1      39.76     -85.05
  8   2     -44.46     -18.21
  8   3     -68.49     -77.48
  8   4    -107.17     122.82
  8   5     -90.41      40.16
  8   6    -209.08     -12.33
  8   7     246.93     -34.50
  8   8       2.07     -10.22
  9   0     -32.87       0.00
  9   1       5.71      -5.89
  9   2     108.48      -8.55
  9   3    -116.12     -49.45
  9   4     -84.96     -49.67
  9   5      66.30      22.31
  9   6      72.82       5.75
  9   7     219.23    -143.13
  9   8     132.48     -55.37
  9   9     103.42     -23.23
 10   0      57.36       0.00
 10   1      46.13      23.32
 10   2      72.86      44.37
 10   3     -31.69      -5.05
 10   4      99.03     -47.38
 10   5      72.14     -83.95
 10   6      27.92      56.36
 10   7    -123.70      47.07
 10   8    -109.51     133.39
 10   9     207.19     151.51
 10  10      86.43     279.68
 11   0    -157.18       0.00
 11   1     -39.52      44.36
 11   2     -36.52     105.95
 11   3      95.60     -69.93
 11   4     110.55      11.09
 11   5     -64.22     -81.25
 11   6       2.15      15.05
 11   7    -147.02     -37.68
 11   8     -31.09     -17.91
 11   9      70.00    -155.04
 11  10     116.07     267.18
 11  11     -49.82      58.10
 12   0     -49.87       0.00
 12   1     -21.27       3.69
 12   2      12.45      38.54
 12   3      -6.48     -60.94
 12   4       9.70     119.75
 12   5     -33.33      75.04
 12   6      93.33     -41.08
 12   7     -52.82     -37.13
 12   8     -26.64      49.31
 12   9      15.65      55.06
 12  10      60.65     335.92
 12  11     -97.27     141.38
 12  12     -44.54      59.74
 13   0    -277.43       0.00
 13   1      94.55     -84.00
 13   2      12.16      71.82
 13   3    -108.00     -58.52
 13   4     -13.60      60.57
 13   5     -55.87      31.02
 13   6     -39.82     -33.53
 13   7      16.28      32.95
 13   8      23.93      25.64
 13   9    -116.97     -61.75
 13  10    -121.05     -58.54
 13  11    -188.33     -34.31
 13  12      32.72      -1.59
 13  13    -123.11      75.60
 14   0     157.17       0.00
 14   1      -5.55     -19.73
 14   2      20.50      38.84
 14   3     -46.79     -98.76
 14   4      19.37     -21.68
 14   5     -50.93      41.97
 14   6     -72.67      18.62
 14   7      59.99     -29.69
 14   8      89.77     -85.78
 14   9    -102.37     -68.17
 14  10     -35.25    -109.95
 14  11      32.04     -13.55
 14  12      47.25     -47.23
 14  13    -201.81     151.15
 14  14     -72.26     -61.80
 15   0    -268.50       0.00
 15   1     -26.70      31.13
 15   2     105.98      -9.01
 15   3      28.44     -80.18
 15   4     -48.88      -5.58
 15   5      -7.20     -15.29
 15   6      10.03     -41.32
 15   7     -24.32     -10.46
 15   8      19.90      12.89
 15   9      75.78     105.94
 15  10      43.75     -82.83
 15  11     -83.35    -136.44
 15  12     -10.67    -203.55
 15  13    -207.28      34.87
 15  14     -51.47     -51.50
 15  15     -13.02     -25.01
 16   0      99.29       0.00
 16   1       2.33      23.70
 16   2       7.91      34.91
 16   3      -6.58     -19.64
 16   4      24.44      66.31
 16   5      26.07     -98.55
 16   6      35.76     -27.33
 16   7     -30.67      29.16
 16   8     -65.53      45.13
 16   9      -7.41     -22.30
 16  10     -18.88     -37.68
 16  11      13.46      45.99
 16  12     134.09     -78.06
 16  13     159.60      -0.61
 16  14      44.00     -64.46
 16  15      29.64     -57.62
 16  16    -146.81     -84.21
 17   0    -326.42       0.00
 17   1     -55.45      40.09
 17   2     -30.68      70.14
 17   3     -19.41     -93.51
 17   4      58.47      73.30
 17   5     -29.89      17.83
 17   6      16.87      -1.02
 17   7      12.73      -1.78
 17   8     -44.60     -12.24
 17   9     -54.32     -49.72
 17  10      88.06      43.00
 17  11     146.88      92.68
 17  12     -53.31     -25.13
 17  13     -13.02     -89.29
 17  14      -0.73      23.98
 17  15     -52.32      20.65
 17  16    -258.94     -45.23
 17  17      50.47     -85.52
 18   0      20.29       0.00
 18   1      -9.53      -6.48
 18   2      16.89      19.76
 18   3     -65.72     -80.78
 18   4      32.74      74.50
 18   5     -57.98      68.86
 18   6      10.07       0.52
 18   7      36.46     -27.64
 18   8      16.01       4.14
 18   9      43.87      38.90
 18  10      -9.28     -12.00
 18  11     -28.88      56.08
 18  12     -94.37     114.39
 18  13      91.78     -42.91
 18  14     179.96      16.92
 18  15     154.14       4.18
 18  16    -198.23    -111.72
 18  17     124.80    -134.44
 18  18      58.27     -35.05
 19   0    -204.32       0.00
 19   1     -12.24      -9.66
 19   2      11.14      16.68
 19   3     -57.64     -86.12
 19   4      -0.64      -3.21
 19   5     -52.49      -5.46
 19   6      17.77     -23.25
 19   7     -43.22      35.40
 19   8      32.69       9.24
 19   9       7.85      -6.73
 19  10    -104.38     -48.46
 19  11     -25.50     -17.95
 19  12       1.38      81.05
 19  13      -9.76      58.76
 19  14     -28.66      24.74
 19  15     -55.40     102.27
 19  16    -147.72      89.09
 19  17      78.42     -54.89
 19  18      98.42     -66.11
 19  19       2.11     -84.93
 20   0      74.56       0.00
 20   1     -48.96      21.54
 20   2       1.59      -4.26
 20   3      -2.40     -64.50
 20   4      57.26      48.71
 20   5     -19.42     -16.52
 20   6     -27.20     -10.59
 20   7     -48.61      13.64
 20   8      12.41     -40.92
 20   9      11.00     -20.68
 20  10      21.55      47.71
 20  11      26.49     -60.54
 20  12      -3.97      -8.30
 20  13    -120.39      40.03
 20  14     -88.63     -24.29
 20  15      24.64       7.77
 20  16      71.61     -22.18
 20  17      81.90     -51.56
 20  18      78.84     -60.58
 20  19      29.68    -141.11
 20  20      89.68      54.81
 21   0     -76.31       0.00
 21   1     -65.07      43.82
 21   2       1.07     -26.11
 21   3      18.83     -75.93
 21   4      -7.98      65.19
 21   5     -59.77     -11.25
 21   6       8.09     -48.92
 21   7      -9.64      -7.69
 21   8     -22.30       1.01
 21   9      24.41      61.36
 21  10      59.12      61.46
 21  11     -77.70      -9.10
 21  12      -2.64     -58.93
 21  13      33.89      -5.35
 21  14     -10.02     -29.18
 21  15      12.99     -47.80
 21  16       0.06      25.00
 21  17     -37.75     110.99
 21  18      36.30      59.70
 21  19     -49.43     -78.23
 21  20     161.38      95.92
 21  21      35.34      35.53
 22   0     -14.79       0.00
 22   1     -16.05      22.75
 22   2     -25.68     -29.77
 22   3     -38.53     -47.60
 22   4      22.63      93.75
 22   5     -20.66      -0.92
 22   6      27.36     -24.06
 22   7      31.06       0.64
 22   8     -32.17      33.15
 22   9     -36.78     -24.66
 22  10     -19.40     -18.03
 22  11     -18.76      31.73
 22  12      43.78     -33.85
 22  13     102.12     -37.81
 22  14     -13.59       4.23
 22  15     -92.30     -42.26
 22  16      -0.22      -0.88
 22  17       1.86      -5.45
 22  18      13.74       3.27
 22  19     -13.28     -85.34
 22  20     122.33      74.06
 22  21      69.81      32.19
 22  22       3.30      -1.90
 23   0     142.50       0.00
 23   1     -64.34      19.47
 23   2     -40.32     -43.12
 23   3     -35.47     -41.28
 23   4      26.00      39.57
 23   5     -55.21      11.85
 23   6       2.67     -13.64
 23   7       8.25      23.85
 23   8      15.02     -12.23
 23   9     -32.97     -12.40
 23  10       6.28     -40.92
 23  11      60.90      34.68
 23  12      -6.14      29.94
 23  13     -22.94     -22.60
 23  14      11.68      14.35
 23  15      33.14     -15.78
 23  16       8.18     -60.24
 23  17      -0.58     -25.13
 23  18     -15.67      72.44
 23  19     -56.55      91.95
 23  20      54.08      89.81
 23  21      42.70      56.15
 23  22      -9.05      -1.64
 23  23      -3.32      59.59
 24   0     -86.67       0.00
 24   1     -28.74       7.23
 24   2     -20.38     -40.19
 24   3      -8.10     -23.76
 24   4      54.13      56.00
 24   5     -52.11       7.36
 24   6       6.73     -10.11
 24   7      -4.64      -1.67
 24   8       6.09      -9.98
 24   9      41.09      30.32
 24  10      -5.48     -16.67
 24  11      -4.40     -15.78
 24  12     -42.58      28.81
 24  13     -47.05      33.04
 24  14      61.28      13.07
 24  15      35.76      17.67
 24  16      11.77      33.97
 24  17      -1.57      -5.37
 24  18      13.24     -25.75
 24  19     -20.88      -6.30
 24  20     -67.36     -50.34
 24  21     -17.57     -32.09
 24  22     -16.55     -20.11
 24  23      35.02      73.64
 24  24     -10.81      15.00
 25   0     401.92       0.00
 25   1     -45.54      19.45
 25   2     -45.24     -89.47
 25   3       9.28     -17.55
 25   4       1.91      43.20
 25   5     -77.11      -7.23
 25   6      26.09     -52.09
 25   7     -37.78      28.09
 25   8      -6.97       5.55
 25   9      22.49      10.55
 25  10     -19.38       2.57
 25  11     -18.82     -21.42
 25  12      10.22      18.47
 25  13       2.25      29.34
 25  14     -20.80      -2.02
 25  15     -30.33      41.06
 25  16      53.12      25.00
 25  17      -0.93     -16.48
 25  18       7.62     -52.22
 25  19      12.13      -7.04
 25  20     -40.74      35.87
 25  21      -8.59      13.86
 25  22     -17.21     -24.22
 25  23      -0.13     103.27
 25  24     -28.82      35.83
 25  25      -6.95      -0.32
 26   0    -133.70       0.00
 26   1      -7.08      13.39
 26   2     -39.71     -76.58
 26   3      12.47      23.12
 26   4      33.88      76.97
 26   5     -38.10      -2.61
 26   6       3.65     -29.15
 26   7       4.62       8.22
 26   8      -8.81      -6.26
 26   9      -4.95      -9.86
 26  10       9.53      43.12
 26  11      10.29       5.81
 26  12      11.21       0.08
 26  13     -17.89     -10.02
 26  14     -38.27       1.43
 26  15      13.63      -3.51
 26  16      37.14      -7.78
 26  17     -11.61      27.79
 26  18     -12.35       1.23
 26  19       2.57     -18.05
 26  20      12.33     -21.50
 26  21     -64.35     -47.20
 26  22     -52.40     -54.94
 26  23      20.41     -13.04
 26  24      -9.13      22.72
 26  25      -1.59     -35.63
 26  26     -19.54      16.51
 27   0     570.62       0.00
 27   1     -16.72      -2.41
 27   2     -55.51    -101.20
 27   3      10.22      63.34
 27   4       5.80      31.41
 27   5     -84.23       4.09
 27   6      16.51     -46.52
 27   7      -0.32      21.61
 27   8      -5.59       1.05
 27   9     -10.32      24.97
 27  10      11.52       4.11
 27  11     -13.77       8.58
 27  12     -14.17      -2.83
 27  13      28.13     -12.76
 27  14      23.76       2.24
 27  15       5.99     -19.31
 27  16     -49.92       9.84
 27  17     -17.72      36.65
 27  18     -12.47       5.06
 27  19      12.10     -32.10
 27  20      32.38      -7.00
 27  21      21.85       5.66
 27  22       4.05      -1.75
 27  23      13.54      -7.26
 27  24      -1.65       5.33
 27  25       0.72       8.73
 27  26     -42.53      52.77
 27  27     -29.82      -0.98
 28   0    -168.32       0.00
 28   1      14.44      -6.31
 28   2     -28.35     -64.41
 28   3      30.97      65.07
 28   4      20.68      27.40
 28   5     -52.20       5.48
 28   6      13.99     -27.84
 28   7       4.32       6.78
 28   8      -7.32       4.32
 28   9       6.87      -0.26
 28  10     -11.21     -13.50
 28  11      -8.17       2.71
 28  12       1.97      16.13
 28  13      18.05      -1.01
 28  14       5.79      14.82
 28  15     -25.65       7.86
 28  16     -35.88     -16.36
 28  17      21.17     -29.06
 28  18       0.74      13.91
 28  19      -4.97      21.84
 28  20      22.14      18.37
 28  21      40.75      23.15
 28  22     -14.50     -19.18
 28  23     -19.49     -59.75
 28  24     -11.51     -43.73
 28  25      -8.16     -49.07
 28  26     -35.85      41.85
 28  27     -50.46     -25.44
 28  28       2.39     -14.08
 29   0     604.87       0.00
 29   1      34.55     -19.13
 29   2     -47.11     -93.59
 29   3      31.62     115.88
 29   4       0.28       9.99
 29   5     -81.75      -3.84
 29   6      26.16     -66.69
 29   7     -25.00      42.08
 29   8       0.05      -4.44
 29   9       3.36       9.66
 29  10      -3.78      -2.68
 29  11       4.29      -4.19
 29  12       4.09      10.61
 29  13     -22.90      12.30
 29  14      -9.34       1.65
 29  15      14.85       4.45
 29  16      12.01      -9.73
 29  17      18.69     -19.92
 29  18       5.92      12.89
 29  19      -8.46      43.66
 29  20     -35.25     -33.70
 29  21      12.57     -13.20
 29  22       6.62      16.06
 29  23      11.88       0.82
 29  24      30.91      -9.87
 29  25      39.86      16.94
 29  26      11.67      35.99
 29  27     -43.82       1.86
 29  28     -11.87      -6.49
 29  29     -13.37     -15.38