Solar Photospheric Field Harmonic Coefficients
Spherical harmonic coefficients are computed from WSO field observations using radial photospheric field boundary conditions.
WSO Data Use Policy
Coefficients order=29 center=CT1672:180
Coefficients for 360 degrees 
  Beginning: CT1671:000  1978:08:23_21h:29m:01s. 
  Centered:  CT1672:180  1978:09:06_12h:47m:12s. 
  End time:  CT1672:005  1978:09:19_18h:59m:53s.

Max Harmonic Order:29   Units: microTesla (0.01G)

  l   m      g(uT)      h(uT)

  0   0      -0.12       0.00
  1   0     100.02       0.00
  1   1     -10.81     -29.37
  2   0      18.21       0.00
  2   1       8.14     -33.97
  2   2     -13.07       4.99
  3   0     178.70       0.00
  3   1     -15.98      56.12
  3   2    -109.67      87.79
  3   3     -75.72      99.34
  4   0      94.85       0.00
  4   1       8.90     -15.30
  4   2     -18.33      32.28
  4   3    -211.54     -27.36
  4   4      -8.38     109.08
  5   0     273.48       0.00
  5   1     -49.51      43.68
  5   2       8.11     -51.93
  5   3    -132.14     133.82
  5   4     -59.38     111.88
  5   5     -48.50      46.89
  6   0     -17.69       0.00
  6   1     -52.71     -67.31
  6   2     -71.96      -6.05
  6   3      51.70      46.91
  6   4     -14.39     118.70
  6   5    -191.75    -175.57
  6   6      -6.19     -31.89
  7   0    -120.36       0.00
  7   1      66.06      44.70
  7   2     111.36     -38.34
  7   3      84.33    -100.04
  7   4     -63.87     -28.43
  7   5    -155.22      -9.27
  7   6     -71.47    -117.12
  7   7    -130.21      42.14
  8   0     -30.40       0.00
  8   1      30.94     -45.42
  8   2     -77.31     109.67
  8   3      65.37      18.72
  8   4     -33.60    -120.37
  8   5    -116.04      -6.73
  8   6    -138.08     -55.39
  8   7    -189.44     143.89
  8   8      24.80    -159.07
  9   0     -75.37       0.00
  9   1      15.31      81.02
  9   2      76.30      -8.11
  9   3      77.61     -58.74
  9   4      32.13    -119.13
  9   5     -48.80     -79.79
  9   6    -172.98       0.22
  9   7    -164.32       4.60
  9   8     -27.93    -311.93
  9   9     -30.30     -36.56
 10   0       4.13       0.00
 10   1       7.96      15.40
 10   2     -46.48     100.50
 10   3     -38.95     -67.22
 10   4      32.21     -16.04
 10   5      71.12      57.73
 10   6     -66.67      -6.43
 10   7     -23.12       7.31
 10   8    -102.08    -182.16
 10   9      40.32     -13.32
 10  10      83.20      25.68
 11   0     -83.51       0.00
 11   1     -54.10      -2.35
 11   2      83.05     -51.78
 11   3     -13.26      -1.62
 11   4      39.16     113.88
 11   5      89.45      66.28
 11   6      66.25       9.85
 11   7      93.07     -52.26
 11   8    -175.88     -16.82
 11   9    -141.46    -187.60
 11  10     131.73     -48.94
 11  11    -102.84    -103.74
 12   0     -33.51       0.00
 12   1     -21.32     -37.71
 12   2     -61.84     -23.57
 12   3       7.45      43.86
 12   4     -37.09     106.09
 12   5      10.19     -17.98
 12   6      79.83     -22.85
 12   7      41.10    -116.86
 12   8     -93.60      57.37
 12   9    -117.30     -97.15
 12  10     137.35      33.25
 12  11     -84.87     159.37
 12  12     -29.20      64.44
 13   0    -240.25       0.00
 13   1      56.02      37.07
 13   2      92.04     -48.43
 13   3      40.19     -77.61
 13   4      -3.74      43.58
 13   5      -7.63       3.81
 13   6      14.32     -27.12
 13   7      44.53     -27.81
 13   8      59.43      24.42
 13   9     -19.49     -76.60
 13  10     -81.17    -128.20
 13  11     -52.61    -127.89
 13  12    -216.05       6.58
 13  13      46.16     -41.35
 14   0     -56.20       0.00
 14   1      16.31     -13.41
 14   2     -57.93     105.77
 14   3      -6.46      53.13
 14   4     -10.42     -83.16
 14   5      -7.78     -19.44
 14   6     -36.14      34.92
 14   7     -25.32      14.84
 14   8     112.53     -59.66
 14   9      37.27     -69.76
 14  10     -30.27     -56.37
 14  11      -6.21     116.81
 14  12     -85.93     119.82
 14  13    -117.66     -59.70
 14  14      42.59     -50.57
 15   0    -252.20       0.00
 15   1     -14.49     -16.89
 15   2      74.58     -18.40
 15   3      21.56     -26.70
 15   4      30.67    -106.95
 15   5      13.48      -3.72
 15   6     -56.31      16.35
 15   7     -45.63       8.47
 15   8      86.19     -59.06
 15   9      66.71     116.97
 15  10      14.50      35.76
 15  11     115.68      10.00
 15  12    -137.13    -196.12
 15  13     108.54    -147.23
 15  14     -65.07    -179.90
 15  15      36.24     -46.31
 16   0     -46.64       0.00
 16   1     -11.35      25.51
 16   2     -57.72      69.16
 16   3      -7.28     -27.40
 16   4     -17.62     -48.68
 16   5      15.01      26.63
 16   6       7.79      14.54
 16   7       8.51      80.40
 16   8     -29.97      21.07
 16   9      51.46      25.32
 16  10     -15.66     -42.68
 16  11      46.04     -65.76
 16  12     -21.51     -76.99
 16  13     -61.32     -30.36
 16  14      88.33      12.33
 16  15    -132.80       1.69
 16  16      -9.53      80.57
 17   0    -287.12       0.00
 17   1     -34.12     -46.53
 17   2      63.22     -20.21
 17   3      39.58     -61.22
 17   4      17.26      79.54
 17   5       7.30       4.30
 17   6      51.49     -20.89
 17   7      -0.11      12.60
 17   8    -102.92      92.36
 17   9      -8.85     -31.78
 17  10      99.59      79.24
 17  11      -1.21      49.35
 17  12      57.99     -42.48
 17  13      42.44     -55.41
 17  14     -72.22    -127.88
 17  15      52.91     -77.38
 17  16      52.87     -27.82
 17  17      33.04       9.20
 18   0     -58.97       0.00
 18   1       0.76      34.69
 18   2     -31.26      -1.18
 18   3       0.09      25.02
 18   4     -24.84      59.19
 18   5      -6.50     -10.25
 18   6      31.08      -9.83
 18   7      -7.20     -30.40
 18   8     -42.11      49.83
 18   9     -56.18       7.92
 18  10      33.91      27.37
 18  11      -3.26     -57.56
 18  12      10.25     -40.27
 18  13       5.55      -4.39
 18  14      31.13     154.07
 18  15    -163.83      35.31
 18  16       0.17      88.69
 18  17     -76.22     -75.99
 18  18     -37.05      22.12
 19   0    -160.74       0.00
 19   1      22.64     -48.79
 19   2       8.91     -25.67
 19   3      54.74     -75.99
 19   4      42.62      26.29
 19   5      -2.26      -1.15
 19   6     -17.24       7.79
 19   7      23.91     -25.92
 19   8      62.52     -33.15
 19   9     -43.00     -36.17
 19  10     -94.65     -70.05
 19  11      13.24      -9.74
 19  12      34.87     136.82
 19  13     -45.87     104.89
 19  14      26.02      73.80
 19  15     -43.09     -26.74
 19  16     -71.25    -144.25
 19  17     117.75       7.68
 19  18      13.76     -53.95
 19  19     -16.38      12.46
 20   0      -8.61       0.00
 20   1      13.88      56.76
 20   2      -1.92      14.67
 20   3      19.50      14.29
 20   4      -6.30     -54.15
 20   5      -1.27     -12.78
 20   6     -28.50      34.26
 20   7      23.29      -6.78
 20   8      67.60     -41.71
 20   9      15.28       1.69
 20  10     -20.10      -0.30
 20  11       6.86      44.73
 20  12       5.30      32.52
 20  13     -18.42      24.42
 20  14     -34.25     -47.80
 20  15     -79.73      -6.32
 20  16     -49.87     -28.03
 20  17     -79.47     -89.71
 20  18     -79.52      56.49
 20  19      -9.43       2.17
 20  20       6.25       1.46
 21   0     -58.27       0.00
 21   1     -11.99     -94.33
 21   2     -31.28      29.20
 21   3      23.43     -30.40
 21   4      39.63     -23.74
 21   5      35.30      14.99
 21   6     -14.65      -4.19
 21   7      -3.03      -9.63
 21   8      18.72      17.12
 21   9      32.46      51.75
 21  10      33.81      17.21
 21  11      17.01     -15.02
 21  12      -3.89     -82.80
 21  13     -25.45      51.76
 21  14      36.29      32.83
 21  15     -49.35      16.49
 21  16    -107.24     -50.52
 21  17      63.33     -28.08
 21  18     -62.65     -52.81
 21  19     -47.93      42.29
 21  20      -3.59     -87.22
 21  21      -1.82       0.67
 22   0       1.59       0.00
 22   1      -2.83      60.15
 22   2      32.98     -37.16
 22   3     -23.45      10.88
 22   4     -34.55     -27.84
 22   5      38.97      16.52
 22   6      27.00      10.68
 22   7      -9.63      32.51
 22   8     -37.46      37.83
 22   9      16.46      17.68
 22  10      19.97      12.21
 22  11      -1.86      19.13
 22  12       2.29     -28.47
 22  13      -3.48      12.41
 22  14     -18.36     -47.21
 22  15       9.09     -21.14
 22  16     -83.65      -3.88
 22  17     -53.91     -37.54
 22  18     -36.49      18.05
 22  19     -73.46    -109.82
 22  20      11.04     -10.99
 22  21       3.17      15.00
 22  22      21.28      29.18
 23   0     121.90       0.00
 23   1      -3.86     -79.81
 23   2     -81.09      30.71
 23   3      13.90     -32.48
 23   4      27.95      34.44
 23   5      24.42       1.81
 23   6      35.55      -6.34
 23   7     -17.23      10.00
 23   8     -37.13      20.15
 23   9      -1.00     -23.29
 23  10       6.97      17.22
 23  11     -26.57      16.49
 23  12     -21.49      -9.68
 23  13      33.94     -46.50
 23  14      -4.98       0.21
 23  15     -16.35      14.27
 23  16      12.84      94.22
 23  17     -45.57     -16.08
 23  18     -66.85     -28.52
 23  19     -44.14      15.09
 23  20     -41.76    -156.42
 23  21      -7.49      10.42
 23  22     -30.66     -21.02
 23  23     -22.61     -14.77
 24   0      40.03       0.00
 24   1       8.17      62.63
 24   2      84.29     -85.48
 24   3       6.22       3.38
 24   4     -22.55      -0.75
 24   5      -2.09      -8.20
 24   6      21.00      25.29
 24   7       7.44       9.64
 24   8      -3.61     -12.84
 24   9     -20.64      -9.37
 24  10      -9.39       7.71
 24  11      -5.61     -27.93
 24  12     -15.55      20.88
 24  13      -5.22     -23.09
 24  14      23.35      70.55
 24  15     -11.35       3.57
 24  16     -21.41      35.32
 24  17     -18.91      13.63
 24  18     -74.31     -25.08
 24  19     -86.18    -100.53
 24  20     -67.69     -48.65
 24  21     -27.23     -98.24
 24  22      22.03      47.27
 24  23       5.09     -15.62
 24  24       5.99      -4.12
 25   0     349.97       0.00
 25   1      10.85     -59.92
 25   2    -133.60      55.28
 25   3      10.44      -3.53
 25   4      40.64      14.75
 25   5      15.57      10.68
 25   6      -3.36       3.75
 25   7      18.22     -12.94
 25   8      29.15     -14.31
 25   9     -23.51     -13.85
 25  10     -30.22     -18.42
 25  11      18.73      -2.70
 25  12      20.43      40.29
 25  13       2.79      -2.11
 25  14     -11.10       3.60
 25  15      -2.11      -8.26
 25  16     -41.82      28.06
 25  17     -58.94       2.30
 25  18     -41.31      -9.57
 25  19     -54.70     -41.16
 25  20     -83.81    -114.97
 25  21     -21.33       6.47
 25  22     -39.27     -96.97
 25  23     -38.17     -42.69
 25  24      -9.10     -43.34
 25  25       5.00       1.66
 26   0      91.59       0.00
 26   1       3.32      32.28
 26   2     113.09    -111.34
 26   3       6.01      -7.71
 26   4     -21.25     -25.53
 26   5      15.17       0.40
 26   6       7.25      30.18
 26   7      20.89       9.03
 26   8      16.39       9.34
 26   9       3.27      10.36
 26  10       1.69       4.00
 26  11      14.60      13.02
 26  12      18.13      -0.44
 26  13       8.37      -2.00
 26  14      -2.52     -32.32
 26  15     -34.80      13.32
 26  16     -24.08      -2.91
 26  17     -26.09      13.16
 26  18     -64.25     -32.81
 26  19     -37.28      22.67
 26  20     -69.62     -55.57
 26  21     -57.44    -125.29
 26  22     -33.65     -27.34
 26  23     -33.33    -101.23
 26  24     -13.41      -3.07
 26  25       0.81     -29.95
 26  26      -7.54       3.10
 27   0     489.29       0.00
 27   1       7.93      -8.34
 27   2    -149.27      64.87
 27   3     -27.28      42.36
 27   4      21.54       5.39
 27   5      32.24       7.47
 27   6      13.89      -5.72
 27   7      -3.76      -2.99
 27   8       1.80      26.58
 27   9      13.64       4.39
 27  10      14.10       3.24
 27  11      -9.90      -2.75
 27  12       7.11     -27.09
 27  13      -7.10      16.77
 27  14       4.79     -11.14
 27  15       8.69       1.21
 27  16     -15.10     -39.37
 27  17       2.71      -3.19
 27  18     -51.86     -12.34
 27  19     -36.04     -17.60
 27  20     -49.75     -21.67
 27  21     -50.46     -50.54
 27  22     -40.97    -132.54
 27  23      -3.55     -45.34
 27  24      -7.33    -119.29
 27  25      12.13      -7.36
 27  26      21.70       0.77
 27  27       2.22      13.85
 28   0      98.51       0.00
 28   1       2.33     -11.42
 28   2     124.78    -118.55
 28   3      -2.96     -13.62
 28   4     -13.54      -3.18
 28   5      17.09      -1.51
 28   6      27.62      35.16
 28   7       4.42      21.64
 28   8      -8.74      13.56
 28   9       3.98       9.40
 28  10      10.06      15.28
 28  11      -9.90       4.36
 28  12      -9.09      -7.70
 28  13      -0.97      13.27
 28  14      -3.30      -3.63
 28  15      23.80      -5.45
 28  16       2.34      -4.40
 28  17     -21.68     -11.11
 28  18     -16.31      -8.63
 28  19     -32.63       8.12
 28  20     -32.50     -34.36
 28  21     -53.85     -15.98
 28  22     -38.30     -73.89
 28  23     -51.04    -134.93
 28  24     -36.80     -17.76
 28  25      -2.59     -95.40
 28  26     -13.00      -2.74
 28  27     -10.27     -30.28
 28  28      -9.31      -1.23
 29   0     504.34       0.00
 29   1      11.23      57.61
 29   2    -118.10      50.34
 29   3     -49.69      74.05
 29   4       4.12       5.35
 29   5      23.95      10.34
 29   6      14.62      -3.49
 29   7       0.89      -3.88
 29   8       4.02       5.63
 29   9      -5.98      -8.84
 29  10     -11.24      -4.54
 29  11      -6.75      -0.05
 29  12     -17.59       8.75
 29  13       4.91      -8.27
 29  14      -3.05      13.91
 29  15       4.09       7.29
 29  16      26.08      18.55
 29  17      23.81       2.13
 29  18     -13.49      -3.14
 29  19     -18.06      -1.77
 29  20     -39.83      -1.59
 29  21     -54.27     -46.84
 29  22     -43.84     -39.59
 29  23     -28.70     -71.17
 29  24      -9.05    -130.72
 29  25      17.60     -36.54
 29  26      32.44     -68.71
 29  27      -6.24      37.21
 29  28      -1.76      -8.32
 29  29      10.72       3.90