Solar Photospheric Field Harmonic Coefficients
Spherical harmonic coefficients are computed from WSO field observations using radial photospheric field boundary conditions.
WSO Data Use Policy
Coefficients order=29 center=CT1759:180
Coefficients for 360 degrees 
  Beginning: CT1758:000  1985:02:20_20h:13m:35s. 
  Centered:  CT1759:180  1985:03:06_11h:31m:46s. 
  End time:  CT1759:005  1985:03:19_17h:44m:27s.

Max Harmonic Order:29   Units: microTesla (0.01G)

  l   m      g(uT)      h(uT)

  0   0      19.97       0.00
  1   0    -210.80       0.00
  1   1     -10.54     -10.49
  2   0     114.77       0.00
  2   1      20.47       0.10
  2   2     -16.40      11.85
  3   0    -288.81       0.00
  3   1     -11.63      20.07
  3   2      -1.20       0.82
  3   3      28.66     -19.58
  4   0      84.07       0.00
  4   1     -15.30     -56.90
  4   2      -0.18      -7.81
  4   3       2.21       3.15
  4   4     -40.27      16.93
  5   0    -132.33       0.00
  5   1      34.25     -62.91
  5   2       5.97      -5.84
  5   3     -25.29       1.37
  5   4      24.16       2.60
  5   5     -30.88       7.53
  6   0      29.89       0.00
  6   1      -1.00     -35.48
  6   2      17.11     -21.52
  6   3      24.03       8.60
  6   4      13.77      -3.11
  6   5      -3.67      10.73
  6   6      34.25      -9.37
  7   0       2.24       0.00
  7   1     -55.04     -59.27
  7   2       9.14     -33.72
  7   3       7.71      14.98
  7   4     -17.47      -9.77
  7   5      27.78     -25.14
  7   6     -21.95      18.79
  7   7      22.07      21.56
  8   0     -26.73       0.00
  8   1      27.91     -30.92
  8   2      -4.01      -0.73
  8   3      -4.89     -16.76
  8   4      -6.93      17.40
  8   5     -12.09     -24.67
  8   6       1.79      13.95
  8   7     -20.15     -17.78
  8   8     -20.94       0.99
  9   0      96.89       0.00
  9   1      -8.96     -13.50
  9   2       1.05     -19.65
  9   3     -15.25       1.08
  9   4       9.64      21.24
  9   5     -50.33       8.72
  9   6      22.05     -14.02
  9   7     -26.16     -10.59
  9   8      43.10      -6.56
  9   9     -38.64     -38.56
 10   0     -47.79       0.00
 10   1      14.18     -37.21
 10   2      16.85     -13.07
 10   3       6.99       3.82
 10   4      -1.36       8.46
 10   5      -3.72      31.29
 10   6      19.99      -9.36
 10   7      10.31       8.99
 10   8      -8.41      20.90
 10   9      13.60       0.45
 10  10     -19.42     -14.57
 11   0     183.52       0.00
 11   1      -6.47     -10.93
 11   2      -5.79     -28.49
 11   3      -2.66       4.10
 11   4     -17.73       6.55
 11   5      21.58     -12.69
 11   6      -5.48      -1.63
 11   7      -5.13       0.03
 11   8     -12.87       4.71
 11   9      14.61       7.14
 11  10     -27.76      36.14
 11  11      30.64      22.90
 12   0     -94.48       0.00
 12   1       2.18     -20.68
 12   2      20.41     -14.65
 12   3      -0.19     -13.85
 12   4       5.37      29.11
 12   5     -23.49      -9.46
 12   6      -1.27       3.84
 12   7      -6.50     -16.95
 12   8       7.82     -22.79
 12   9     -23.58       8.41
 12  10      29.16       2.38
 12  11     -16.48       8.05
 12  12      42.13      43.77
 13   0     305.29       0.00
 13   1      -4.36     -29.78
 13   2      11.83     -14.40
 13   3      -8.39       7.71
 13   4     -15.43      13.22
 13   5     -21.30      18.05
 13   6     -15.82     -20.95
 13   7     -19.27      11.82
 13   8      -4.64     -11.24
 13   9       1.93      -3.16
 13  10      17.27     -25.42
 13  11     -13.21     -16.89
 13  12      41.18     -13.56
 13  13       2.46     -41.25
 14   0    -130.86       0.00
 14   1     -13.27       9.47
 14   2       2.38      -9.96
 14   3      12.10       0.60
 14   4       5.03       3.00
 14   5      -4.05      17.85
 14   6       1.19       9.19
 14   7      -8.25       2.61
 14   8     -10.70      29.69
 14   9      -5.27      13.48
 14  10     -12.26      11.82
 14  11       4.46     -26.38
 14  12     -26.76      -3.91
 14  13      18.70     -29.88
 14  14     -55.47     -60.76
 15   0     352.38       0.00
 15   1       8.72       5.93
 15   2      -7.71     -33.71
 15   3      -8.90       3.35
 15   4      -6.42      18.17
 15   5       1.39      -5.53
 15   6      -6.97       6.34
 15   7      23.24      -2.58
 15   8       3.44      15.14
 15   9       9.27      -0.16
 15  10     -11.20       5.02
 15  11       0.52      18.30
 15  12     -15.21       5.30
 15  13     -22.30      10.84
 15  14      -4.43       7.95
 15  15     -46.22      -0.28
 16   0    -135.90       0.00
 16   1       4.47       7.32
 16   2      11.07      -5.60
 16   3      -3.79     -14.21
 16   4       1.96      16.10
 16   5     -18.35       1.88
 16   6      -0.40      -7.35
 16   7      14.13      -4.78
 16   8      -5.73     -18.46
 16   9      20.02      -1.08
 16  10       6.86     -20.03
 16  11       3.29      17.69
 16  12      15.14      -3.19
 16  13     -21.25       8.08
 16  14       9.47       2.64
 16  15     -24.28      23.36
 16  16       6.17      45.22
 17   0     366.85       0.00
 17   1       7.96      40.73
 17   2      12.40      -9.43
 17   3      -6.07       8.48
 17   4     -22.51      16.34
 17   5      -2.16       8.78
 17   6     -14.82     -19.56
 17   7      -3.45       5.71
 17   8     -12.35     -11.27
 17   9      -6.18      -6.36
 17  10      -6.40     -15.52
 17  11      -5.20     -12.78
 17  12       6.33      -4.34
 17  13       5.27      -5.09
 17  14      14.72       7.41
 17  15      35.54      -3.82
 17  16     -24.58       9.75
 17  17      31.12      35.32
 18   0    -127.16       0.00
 18   1     -10.95      38.87
 18   2       4.25     -11.87
 18   3       7.79      -3.45
 18   4       9.58      22.57
 18   5     -12.61      16.95
 18   6       4.24       4.26
 18   7     -13.20      -0.11
 18   8      -1.78       7.93
 18   9     -16.24      -0.88
 18  10      -3.74       5.12
 18  11      -7.68     -13.40
 18  12      -5.44       1.16
 18  13      -0.22     -10.98
 18  14      -4.22      -0.77
 18  15       3.27     -13.03
 18  16       8.45     -14.45
 18  17      15.34     -14.14
 18  18      15.70     -20.51
 19   0     265.08       0.00
 19   1      15.06      38.31
 19   2      -5.91      -9.46
 19   3     -11.97       3.80
 19   4     -16.93      17.37
 19   5      -7.88       5.28
 19   6      -6.75       2.54
 19   7       3.80       1.46
 19   8       0.26      15.07
 19   9      11.60      -6.16
 19  10      -6.50       9.13
 19  11      -0.51       3.09
 19  12      -5.38      -0.25
 19  13      -2.87      -0.68
 19  14      -7.08     -17.08
 19  15     -14.01       4.85
 19  16       6.81     -15.61
 19  17     -13.03     -29.79
 19  18      10.30      15.95
 19  19     -11.06     -52.36
 20   0     -66.80       0.00
 20   1     -12.83      59.35
 20   2       2.42       3.18
 20   3       5.09     -10.84
 20   4       3.76      17.28
 20   5     -15.18       2.32
 20   6      -2.22      -5.34
 20   7      12.92      -4.40
 20   8      -9.18       2.26
 20   9      16.69      -3.90
 20  10      -1.51      -4.82
 20  11       2.41      12.68
 20  12       5.15      -2.04
 20  13       0.68       4.93
 20  14       0.90      -2.54
 20  15     -16.07       7.16
 20  16      -7.30       5.44
 20  17     -12.26       2.86
 20  18     -26.46      11.62
 20  19      13.27      -1.35
 20  20     -33.92     -25.49
 21   0      89.87       0.00
 21   1      20.00      55.75
 21   2       2.04       9.36
 21   3      -5.10       9.25
 21   4     -18.96      26.87
 21   5       5.62       9.36
 21   6     -16.04     -12.07
 21   7       7.41       1.93
 21   8      -7.23     -13.70
 21   9      -2.29      -4.61
 21  10      -4.73     -13.50
 21  11      -7.23      -9.99
 21  12       2.49      -8.13
 21  13       0.59      -6.66
 21  14       9.70      13.45
 21  15      11.58      -7.09
 21  16     -14.69      10.92
 21  17       7.63       9.39
 21  18     -20.78      12.81
 21  19      -8.43      17.69
 21  20     -11.84       9.87
 21  21     -19.28      14.45
 22   0      11.43       0.00
 22   1     -16.18      63.49
 22   2     -10.45       5.71
 22   3       3.63      -2.88
 22   4       7.16      22.98
 22   5     -22.63      22.20
 22   6      -1.90       3.55
 22   7      -3.81       3.06
 22   8      -0.54      -0.21
 22   9      -3.50       0.16
 22  10      -0.45      -2.08
 22  11      -6.23      -9.94
 22  12       0.46      -0.21
 22  13      -1.66      -8.10
 22  14      -6.17     -10.61
 22  15       9.41      -3.45
 22  16      -0.82      -5.63
 22  17       9.34      -1.06
 22  18      21.79      -3.01
 22  19      -1.96       0.66
 22  20      17.34      16.04
 22  21       0.19      -4.56
 22  22      10.50      35.07
 23   0    -173.27       0.00
 23   1      24.66      60.58
 23   2      -1.60      20.53
 23   3      -8.07       0.92
 23   4     -25.20      20.65
 23   5     -10.50       6.54
 23   6     -12.49      -6.96
 23   7       6.75       0.09
 23   8      -5.68       8.21
 23   9       6.55      -7.12
 23  10     -12.86       4.33
 23  11      -1.86      -2.76
 23  12      -5.98      -3.81
 23  13       0.69       3.40
 23  14      -3.03      -9.09
 23  15      -1.42      -1.71
 23  16       1.64      -5.74
 23  17      -6.44     -10.80
 23  18      18.20     -11.18
 23  19       1.88      -8.65
 23  20      11.32      -0.22
 23  21       5.03     -18.29
 23  22      12.82       8.82
 23  23      28.29      -9.75
 24   0     124.61       0.00
 24   1     -13.43      57.95
 24   2     -13.21      15.04
 24   3       3.55      -4.03
 24   4       9.19      24.73
 24   5     -19.01      10.28
 24   6       1.09      -5.15
 24   7       4.44      -3.74
 24   8      -6.02       2.43
 24   9       1.18      -3.23
 24  10       0.11      -3.14
 24  11      -1.72       9.69
 24  12       3.09      -1.81
 24  13      -4.03       1.50
 24  14       2.00       5.15
 24  15     -14.39       4.65
 24  16      -7.87       4.41
 24  17      -6.69      -7.33
 24  18      -7.99       4.82
 24  19       3.10     -13.16
 24  20     -12.29      -4.42
 24  21      10.71      -4.39
 24  22      -2.25     -19.08
 24  23       7.64       5.98
 24  24      13.06     -34.71
 25   0    -472.83       0.00
 25   1       8.11      40.28
 25   2      -4.63      40.48
 25   3       1.27       3.41
 25   4     -19.59      25.42
 25   5       1.20      13.11
 25   6     -17.69     -10.25
 25   7      10.13       4.26
 25   8      -0.72      -5.25
 25   9       5.31      -5.78
 25  10       0.03     -10.30
 25  11      -2.26      -6.78
 25  12       4.77      -6.69
 25  13       2.27      -5.04
 25  14       6.95       3.01
 25  15       3.09      -4.78
 25  16      -8.45       8.33
 25  17       2.26      -8.08
 25  18     -16.40      12.10
 25  19       1.23       5.34
 25  20     -15.57      -1.27
 25  21     -13.68       2.13
 25  22      -4.88      -2.29
 25  23     -11.45       1.60
 25  24       6.66      -5.47
 25  25     -18.71     -29.31
 26   0     227.14       0.00
 26   1      -1.08      30.18
 26   2     -20.22      20.63
 26   3      -0.42       3.33
 26   4       2.87      22.06
 26   5     -30.14      21.81
 26   6      -4.01       0.12
 26   7       2.33       0.43
 26   8      -5.32       0.76
 26   9       2.58      -3.43
 26  10      -0.33       2.98
 26  11      -3.33      -6.57
 26  12       2.58      -0.29
 26  13       6.17      -7.42
 26  14      -4.56      -5.74
 26  15       4.28      -4.58
 26  16       0.62      -7.03
 26  17       6.86       4.50
 26  18       5.38      -6.33
 26  19      -3.50       9.94
 26  20       5.35       0.41
 26  21     -11.28       1.50
 26  22       3.37       5.17
 26  23     -12.35      -2.95
 26  24      -8.35       7.77
 26  25      -0.97       1.24
 26  26     -21.25       2.78
 27   0    -694.88       0.00
 27   1      -0.34       4.38
 27   2      -5.36      45.06
 27   3       3.89      -4.85
 27   4     -16.35      16.69
 27   5      -7.96      10.44
 27   6     -21.03     -12.39
 27   7       9.71      -0.20
 27   8      -6.83       1.72
 27   9       1.23      -6.80
 27  10     -11.43       0.52
 27  11      -4.82      -3.58
 27  12      -7.63      -4.42
 27  13       0.48       0.36
 27  14      -1.06      -2.29
 27  15       3.80      -0.85
 27  16       2.72      -5.18
 27  17      -1.19       2.70
 27  18      16.32      -5.61
 27  19       3.35      -3.55
 27  20      12.12       3.82
 27  21       4.37      -3.85
 27  22       7.01       1.13
 27  23       9.38       3.97
 27  24      -4.17       5.07
 27  25       2.02       5.47
 27  26      -7.00       6.07
 27  27      -3.68      20.96
 28   0     278.84       0.00
 28   1       5.59     -15.68
 28   2     -19.06      22.99
 28   3      -3.86       8.20
 28   4       4.36      15.19
 28   5     -28.73      19.20
 28   6      -1.14      -3.97
 28   7       5.08      -0.38
 28   8      -1.98       0.74
 28   9       1.69      -1.80
 28  10       1.55      -3.69
 28  11      -2.42       3.38
 28  12       4.28      -4.73
 28  13      -4.22       3.41
 28  14      -1.87      -1.56
 28  15     -10.92       2.94
 28  16      -3.03      -0.60
 28  17      -9.57      -4.41
 28  18       0.01       0.75
 28  19       1.24      -6.69
 28  20      -6.01       2.84
 28  21       9.75      -5.73
 28  22      -2.95      -1.78
 28  23       8.87      -3.69
 28  24       1.46      -2.07
 28  25       8.53       0.44
 28  26       3.67      -7.81
 28  27       2.72      11.43
 28  28      18.90       6.48
 29   0    -730.78       0.00
 29   1     -16.93     -39.85
 29   2      -6.56      41.24
 29   3      12.59      -8.48
 29   4      -4.37       6.26
 29   5      -6.05      11.66
 29   6     -27.61     -15.53
 29   7      15.34       2.81
 29   8      -2.85      -2.00
 29   9       6.04      -5.38
 29  10      -3.74      -4.75
 29  11      -0.96      -6.32
 29  12       3.84      -4.23
 29  13       3.08      -2.38
 29  14       4.76       0.17
 29  15       0.20      -6.07
 29  16      -3.04       6.97
 29  17       2.93      -7.83
 29  18      -7.98       1.31
 29  19       2.13      -2.99
 29  20      -9.37      -1.87
 29  21      -1.12      -4.26
 29  22      -4.57      -6.48
 29  23      -5.63       1.94
 29  24       1.08      -7.04
 29  25      -4.28       0.91
 29  26       7.77       1.75
 29  27       3.65     -10.39
 29  28       3.91       1.67
 29  29      16.53     -14.53