Solar Photospheric Field Harmonic Coefficients
Spherical harmonic coefficients are computed from WSO field observations using radial photospheric field boundary conditions.
WSO Data Use Policy
Coefficients order=29 center=CT1771:180
Coefficients for 360 degrees 
  Beginning: CT1770:000  1986:01:14_03h:30m:05s. 
  Centered:  CT1771:180  1986:01:27_18h:48m:16s. 
  End time:  CT1771:005  1986:02:10_01h:00m:57s.

Max Harmonic Order:29   Units: microTesla (0.01G)

  l   m      g(uT)      h(uT)

  0   0      14.20       0.00
  1   0    -196.72       0.00
  1   1      -4.78     -14.29
  2   0      69.28       0.00
  2   1      22.51      23.21
  2   2     -26.95      10.16
  3   0    -290.77       0.00
  3   1     -16.50     -34.41
  3   2     -18.09       8.60
  3   3     -27.17     -10.75
  4   0      76.08       0.00
  4   1     -12.29     -15.21
  4   2      19.68     -10.88
  4   3     -31.02       8.30
  4   4     -11.52     -46.77
  5   0    -128.39       0.00
  5   1      13.75      23.41
  5   2      27.14     -55.92
  5   3      43.49       9.39
  5   4     -50.77     -50.68
  5   5      25.68     -39.89
  6   0      -2.86       0.00
  6   1     -22.52      36.85
  6   2     -11.24      13.59
  6   3      47.18     -21.79
  6   4      17.34      48.62
  6   5     -12.85     -50.21
  6   6      75.03     -25.49
  7   0     -14.66       0.00
  7   1     -14.04     -56.43
  7   2     -33.29       3.48
  7   3     -48.02     -20.92
  7   4      27.70      38.09
  7   5     -27.95      50.55
  7   6      28.69     -35.18
  7   7      89.06      28.42
  8   0      26.50       0.00
  8   1       5.61      10.17
  8   2       8.20     -26.75
  8   3     -41.83       2.42
  8   4     -21.95     -54.88
  8   5      15.09      30.75
  8   6     -73.36      11.13
  8   7      15.11     -13.75
  8   8      43.10      61.10
  9   0      88.38       0.00
  9   1       5.71      25.00
  9   2      31.51     -26.65
  9   3      52.13      12.41
  9   4     -43.88     -15.09
  9   5      42.01     -44.81
  9   6     -12.58      33.94
  9   7     -54.90     -53.33
  9   8      -3.22      15.55
  9   9      19.86      74.39
 10   0     -70.19       0.00
 10   1     -20.79      -0.83
 10   2     -41.77      50.61
 10   3       9.18       1.79
 10   4      35.60      49.46
 10   5     -20.92     -16.83
 10   6      47.03      -9.59
 10   7      -9.46      27.46
 10   8       9.88     -49.86
 10   9      -7.85      -2.33
 10  10     -11.26      51.29
 11   0     222.60       0.00
 11   1     -19.48     -37.76
 11   2       5.79     -67.73
 11   3     -40.44       4.14
 11   4      -7.26     -24.42
 11   5     -33.27      46.55
 11   6     -16.59     -14.92
 11   7      40.42      56.48
 11   8      -3.84       4.88
 11   9      46.35     -41.13
 11  10     -26.54     -20.66
 11  11       0.13      31.12
 12   0     -57.25       0.00
 12   1      17.50      39.14
 12   2      14.76     -15.69
 12   3      22.51     -17.83
 12   4      -3.20     -35.21
 12   5      14.20      -2.86
 12   6     -59.35       8.51
 12   7      -3.51     -28.86
 12   8      -9.70      52.74
 12   9     -24.95      10.69
 12  10      49.90      30.70
 12  11     -15.25     -33.07
 12  12       6.73      35.08
 13   0     253.88       0.00
 13   1      13.85      14.87
 13   2      -6.62      13.41
 13   3      24.39       6.53
 13   4      -3.76      17.61
 13   5      17.69     -23.01
 13   6      55.37      26.77
 13   7     -16.41     -36.80
 13   8      13.91     -38.00
 13   9     -45.83      18.96
 13  10     -13.85      10.03
 13  11      -8.54      38.14
 13  12      20.29     -19.83
 13  13      20.09      45.58
 14   0     -91.31       0.00
 14   1     -33.22     -46.58
 14   2     -21.60      10.88
 14   3     -37.82       3.29
 14   4      22.22      17.81
 14   5     -35.94      36.70
 14   6      11.94       8.46
 14   7      27.76      54.42
 14   8      11.56     -34.29
 14   9      35.57      -7.61
 14  10     -34.45     -28.68
 14  11       8.83       5.03
 14  12     -40.33      18.35
 14  13      20.95     -35.15
 14  14     -20.46      60.38
 15   0     393.18       0.00
 15   1       0.99       2.16
 15   2      19.14     -71.79
 15   3      -3.75       0.62
 15   4     -38.31     -36.66
 15   5      -4.97       1.98
 15   6     -39.70      -0.79
 15   7       2.36      24.08
 15   8     -13.22      55.85
 15   9      44.38       3.90
 15  10      27.69      16.05
 15  11       1.29     -38.97
 15  12      21.90       7.74
 15  13     -38.80     -34.06
 15  14      15.03     -15.98
 15  15     -37.27      54.67
 16   0    -103.00       0.00
 16   1      37.28      38.57
 16   2      -7.80      14.14
 16   3      41.56     -12.50
 16   4      14.82       1.89
 16   5      16.88     -17.09
 16   6      -2.57       8.54
 16   7     -30.13     -51.70
 16   8      -4.05      10.29
 16   9     -55.10      18.18
 16  10      21.95      25.52
 16  11       4.33      35.58
 16  12      38.75     -11.38
 16  13      -1.86      31.98
 16  14       5.61     -51.96
 16  15      17.92     -10.63
 16  16     -48.38      27.01
 17   0     321.44       0.00
 17   1     -12.53      -6.95
 17   2     -11.16      16.04
 17   3      -6.79       9.45
 17   4       1.25      16.23
 17   5      -8.32       1.59
 17   6      43.34      16.58
 17   7      -4.63       8.78
 17   8      27.05     -64.45
 17   9       3.58       2.08
 17  10     -50.10     -25.85
 17  11     -14.97      17.13
 17  12     -28.27      16.61
 17  13      24.44      10.09
 17  14      -7.95      33.10
 17  15      31.20     -34.42
 17  16      18.03     -14.83
 17  17     -39.18       9.76
 18   0     -71.01       0.00
 18   1     -12.37     -42.37
 18   2       3.08     -14.02
 18   3     -27.23       1.93
 18   4      12.47     -13.34
 18   5     -25.89      34.99
 18   6     -20.69       6.34
 18   7      34.91      47.10
 18   8      -7.29       9.97
 18   9      50.21     -29.02
 18  10       2.80      -0.75
 18  11      -2.07     -37.31
 18  12     -16.00       7.48
 18  13     -33.21     -18.55
 18  14       3.62      32.20
 18  15     -38.93      11.76
 18  16      33.41      12.27
 18  17      12.19      -6.34
 18  18     -29.37      16.22
 19   0     287.13       0.00
 19   1      24.25      36.79
 19   2       9.31     -33.52
 19   3      20.37       5.29
 19   4     -31.70     -24.94
 19   5      11.18     -20.54
 19   6     -23.58       1.68
 19   7     -15.85     -14.27
 19   8      -8.47      43.15
 19   9     -10.59       9.71
 19  10      33.41      23.06
 19  11     -11.65      -1.95
 19  12      34.36     -17.84
 19  13      -9.63     -12.85
 19  14       2.37     -34.20
 19  15     -15.67      13.46
 19  16     -20.46     -13.08
 19  17       3.93      21.68
 19  18      10.66      -0.27
 19  19     -35.07      18.23
 20   0     -70.59       0.00
 20   1      22.39     -11.61
 20   2     -10.58      18.73
 20   3      11.36     -13.91
 20   4      30.77      20.03
 20   5      -1.79       5.74
 20   6      19.06      11.29
 20   7      -9.68     -26.75
 20   8      11.47     -24.40
 20   9     -33.16       7.98
 20  10     -19.26      -7.97
 20  11       9.78      40.53
 20  12      -8.78       7.13
 20  13      21.33      19.64
 20  14      -2.71      -6.96
 20  15      25.48      -9.13
 20  16     -13.66       1.27
 20  17     -12.01     -33.81
 20  18     -15.46      15.61
 20  19      21.50      -9.72
 20  20     -61.39       7.24
 21   0      79.56       0.00
 21   1      -7.29       7.08
 21   2       0.68      18.41
 21   3     -18.46       4.56
 21   4     -23.61      -8.52
 21   5     -18.41      11.05
 21   6      20.70      15.59
 21   7       0.85      33.20
 21   8      10.64     -30.20
 21   9      38.94      -3.31
 21  10     -30.95     -15.77
 21  11      -9.24     -26.06
 21  12     -20.59      20.59
 21  13     -10.72      -8.06
 21  14      -9.44      29.32
 21  15       3.77       2.35
 21  16      33.95      17.93
 21  17      -6.12     -10.62
 21  18      13.33      -6.22
 21  19      -4.79     -21.10
 21  20      18.67      -0.02
 21  21     -71.57     -15.04
 22   0      28.05       0.00
 22   1       9.01     -25.24
 22   2      16.79     -20.39
 22   3       4.06      -1.08
 22   4      14.85     -13.75
 22   5     -16.65      13.96
 22   6     -25.97       8.14
 22   7       7.19      12.38
 22   8     -11.34      26.53
 22   9      16.36     -11.47
 22  10      19.81      21.23
 22  11      -4.81     -14.02
 22  12      13.57      -3.81
 22  13     -21.10      -9.98
 22  14       0.29     -14.14
 22  15     -33.75      10.49
 22  16      -4.45      -3.44
 22  17       5.81      27.56
 22  18      13.27       6.94
 22  19      10.83      10.29
 22  20       9.60     -23.24
 22  21      21.70      12.52
 22  22     -59.49     -57.15
 23   0    -176.12       0.00
 23   1      15.28      38.45
 23   2     -13.85      31.44
 23   3      15.45       1.92
 23   4     -21.20      -7.31
 23   5      10.75     -21.03
 23   6       6.80       4.09
 23   7     -21.38     -17.74
 23   8       4.22       2.03
 23   9     -17.15      10.16
 23  10       4.84       0.05
 23  11      -9.19      17.23
 23  12      10.71       0.71
 23  13       8.31       9.70
 23  14       3.87     -21.08
 23  15      17.01      -0.13
 23  16     -25.12     -12.84
 23  17      -4.79      -1.91
 23  18     -24.73      10.51
 23  19       3.75       7.06
 23  20     -13.15      23.80
 23  21      36.09      -4.39
 23  22      16.18      22.09
 23  23     -20.96     -63.75
 24   0      81.40       0.00
 24   1      10.74     -24.36
 24   2       9.29      -0.43
 24   3      -9.53      -4.12
 24   4      28.08      11.41
 24   5     -15.18      30.44
 24   6      15.95      12.32
 24   7       8.05      -2.46
 24   8       4.91     -21.92
 24   9      -3.08      -4.61
 24  10     -17.92     -10.85
 24  11      -2.94       5.43
 24  12     -21.48       9.84
 24  13       2.37      11.59
 24  14      -1.80      15.66
 24  15      13.58      -9.52
 24  16      10.81       4.69
 24  17       5.02     -26.43
 24  18       8.81      -0.89
 24  19     -22.74     -12.47
 24  20      -0.56       9.89
 24  21     -29.21       7.25
 24  22      33.01      20.80
 24  23      -1.25      22.68
 24  24      14.84     -58.31
 25   0    -465.25       0.00
 25   1       1.63      13.51
 25   2      -1.39      44.93
 25   3      -7.64      -1.16
 25   4     -32.01     -20.36
 25   5     -13.47      -2.88
 25   6       2.76      17.38
 25   7      -3.38      21.74
 25   8       5.04      -2.72
 25   9      23.95      -5.65
 25  10      -4.61       0.80
 25  11      -0.58     -22.41
 25  12      -3.82       7.47
 25  13     -17.62     -13.50
 25  14      -1.13       8.50
 25  15     -15.85      13.36
 25  16      13.22       9.74
 25  17      -3.70      14.89
 25  18       9.85     -14.50
 25  19       5.24       0.88
 25  20      -0.89     -18.50
 25  21      -7.56       2.32
 25  22     -24.40     -15.13
 25  23      12.60      30.23
 25  24     -15.11      18.37
 25  25      23.77     -29.68
 26   0     163.40       0.00
 26   1       3.11      -6.56
 26   2      17.74     -16.97
 26   3       6.26       0.82
 26   4      19.84      -5.29
 26   5     -16.68      17.59
 26   6     -12.98      13.49
 26   7       0.27      -1.13
 26   8      -4.03      11.60
 26   9      -0.66      -5.00
 26  10       8.94      11.03
 26  11      -3.95       8.14
 26  12      12.30      -4.24
 26  13      -0.01       1.62
 26  14       1.89     -26.13
 26  15      -9.20      -4.00
 26  16     -12.79      -6.91
 26  17       5.68      14.25
 26  18      -9.24       4.49
 26  19      12.72      15.19
 26  20      -0.16       3.27
 26  21      24.52      -5.80
 26  22      -8.52       4.02
 26  23      -2.02     -30.77
 26  24      -8.46      25.40
 26  25      -4.47      -0.94
 26  26      12.44     -27.90
 27   0    -685.17       0.00
 27   1       2.89       9.97
 27   2     -13.37      63.69
 27   3       1.67      -4.38
 27   4     -17.68      -4.67
 27   5       1.09     -13.02
 27   6      16.68      12.05
 27   7     -21.67      -0.65
 27   8       5.16     -10.65
 27   9       0.96       8.05
 27  10      -7.33      -6.09
 27  11      -3.52       0.36
 27  12      -5.64      11.52
 27  13       5.38       7.35
 27  14       3.72      -3.05
 27  15      16.51      -7.68
 27  16      -3.87       0.20
 27  17      -2.46     -15.10
 27  18      -9.02       1.69
 27  19      -5.89      -8.82
 27  20      -0.14      15.42
 27  21      -9.64       1.64
 27  22      21.60      12.95
 27  23      -1.95      -1.70
 27  24      19.49     -11.88
 27  25     -10.42      10.47
 27  26       2.79      -2.35
 27  27       5.86     -31.25
 28   0     191.22       0.00
 28   1      -5.89       3.78
 28   2      15.46     -10.50
 28   3      -5.45       6.40
 28   4      11.84       2.73
 28   5     -21.04      30.95
 28   6       1.98      18.32
 28   7      10.25       0.55
 28   8      -2.59      -7.75
 28   9       3.30      -7.57
 28  10      -6.02       1.53
 28  11      -4.78      -2.90
 28  12      -9.30      -2.04
 28  13      -7.14       6.66
 28  14      -3.16       9.46
 28  15       2.73      -4.16
 28  16      14.12       0.51
 28  17      -0.05      -4.04
 28  18       9.10      -3.60
 28  19      -4.70      -0.26
 28  20       7.24     -18.74
 28  21     -13.83       3.81
 28  22     -11.99      -3.90
 28  23      -0.32      17.76
 28  24      -1.87       2.80
 28  25      19.20       6.66
 28  26     -10.11       1.00
 28  27      12.43       4.99
 28  28      12.66     -43.88
 29   0    -714.94       0.00
 29   1      -4.74     -15.27
 29   2      -5.91      50.62
 29   3      -3.00      -7.92
 29   4     -10.60      -8.32
 29   5      -5.39      -7.24
 29   6       9.72      21.40
 29   7     -17.61      13.03
 29   8       5.59      -3.01
 29   9       8.37      -1.28
 29  10      -1.25       0.54
 29  11      -0.20      -7.86
 29  12       0.80       5.87
 29  13      -9.37      -9.21
 29  14       1.11      -4.17
 29  15      -8.15      10.87
 29  16      -0.88       0.39
 29  17       1.09       4.20
 29  18      -0.09       0.72
 29  19       4.37       8.35
 29  20       2.35      -4.49
 29  21      16.94      -5.47
 29  22      -7.41      -7.77
 29  23      -1.84      -9.53
 29  24     -13.96       8.50
 29  25       4.28      -0.28
 29  26      -1.61      19.89
 29  27      -0.32       3.60
 29  28       6.77      18.24
 29  29      38.53     -31.01