Solar Photospheric Field Harmonic Coefficients
Spherical harmonic coefficients are computed from WSO field observations using radial photospheric field boundary conditions.
WSO Data Use Policy
Coefficients order=29 center=CT1779:180
Coefficients for 360 degrees 
  Beginning: CT1778:000  1986:08:20_08h:21m:04s. 
  Centered:  CT1779:180  1986:09:02_23h:39m:16s. 
  End time:  CT1779:005  1986:09:16_05h:51m:57s.

Max Harmonic Order:29   Units: microTesla (0.01G)

  l   m      g(uT)      h(uT)

  0   0      -6.61       0.00
  1   0    -206.16       0.00
  1   1      -5.62       3.76
  2   0      -5.64       0.00
  2   1      -2.58      -4.12
  2   2       7.18      -0.82
  3   0    -279.28       0.00
  3   1      31.00      14.75
  3   2     -19.01      -9.47
  3   3      -6.49     -33.53
  4   0      16.76       0.00
  4   1     -14.75     -17.69
  4   2       1.86       2.32
  4   3       3.42     -10.30
  4   4      15.00      26.05
  5   0    -154.41       0.00
  5   1      26.17       6.32
  5   2      -2.23       3.04
  5   3      -9.90      14.39
  5   4       1.95       0.29
  5   5       7.24      -6.56
  6   0       0.62       0.00
  6   1     -21.44      -2.91
  6   2      12.25     -16.11
  6   3      -6.96       5.13
  6   4      -6.48      -3.16
  6   5      15.26      -2.62
  6   6     -17.29     -11.95
  7   0      14.98       0.00
  7   1      27.22      21.55
  7   2     -19.34     -30.67
  7   3      12.59       5.72
  7   4      -9.70      -9.97
  7   5       1.95      21.23
  7   6     -12.80       8.92
  7   7      22.63      13.81
  8   0      -5.37       0.00
  8   1     -17.29       0.00
  8   2      -4.38     -16.20
  8   3      -7.47      -0.42
  8   4     -11.65      19.84
  8   5     -12.80       5.24
  8   6      15.56      25.82
  8   7      23.06      19.45
  8   8      15.30       5.39
  9   0      95.19       0.00
  9   1      12.87       8.92
  9   2     -23.28      -8.21
  9   3      -2.75      10.92
  9   4      16.21      20.61
  9   5      -1.84       5.27
  9   6      16.32       1.72
  9   7     -10.67      -5.79
  9   8       1.32     -17.66
  9   9     -32.12      11.95
 10   0       1.88       0.00
 10   1     -21.41      -4.27
 10   2      11.46      -4.06
 10   3      -8.59      14.44
 10   4       6.29      -6.78
 10   5       1.04       2.37
 10   6      -1.66     -14.38
 10   7     -22.12     -14.00
 10   8     -10.82      -4.92
 10   9     -18.98       3.98
 10  10      15.30      38.51
 11   0     186.39       0.00
 11   1       9.95      15.93
 11   2      -1.67     -21.08
 11   3      -4.56      18.45
 11   4       6.97     -12.13
 11   5     -11.27       9.90
 11   6      -9.38     -12.87
 11   7       2.98      24.38
 11   8     -13.68       5.91
 11   9      28.77       4.34
 11  10      15.71      10.00
 11  11      -3.10     -14.23
 12   0      -1.90       0.00
 12   1      -6.65      -5.28
 12   2       5.83     -25.74
 12   3     -11.59      13.14
 12   4     -14.26      -0.36
 12   5     -14.35       2.38
 12   6     -19.11      -8.74
 12   7      26.93      17.44
 12   8       8.54       4.79
 12   9      22.03     -10.09
 12  10      -0.83      -3.66
 12  11     -16.09     -22.06
 12  12     -22.64      17.37
 13   0     292.40       0.00
 13   1      13.26      -1.11
 13   2     -21.67     -15.29
 13   3      12.01      21.07
 13   4       7.41      16.85
 13   5      -0.51      16.44
 13   6       8.99       5.25
 13   7      15.79     -10.40
 13   8       9.81      -5.51
 13   9       5.57     -13.52
 13  10       2.66     -16.74
 13  11      -5.41      13.79
 13  12     -21.93      17.16
 13  13      12.41      -5.34
 14   0       1.04       0.00
 14   1       1.16       3.08
 14   2       3.57      -7.61
 14   3      -0.30      17.33
 14   4      -9.46      10.76
 14   5       1.08     -12.60
 14   6      13.76       4.86
 14   7       1.84     -16.17
 14   8      10.79      18.87
 14   9     -25.53       7.21
 14  10       9.00      15.03
 14  11       2.17      27.10
 14  12      -0.89      -0.45
 14  13      17.81       6.26
 14  14       3.36     -36.13
 15   0     361.65       0.00
 15   1      -2.89      -1.11
 15   2     -10.31     -18.38
 15   3       3.73      23.79
 15   4       1.35      14.11
 15   5      -0.00      -0.06
 15   6       2.13       2.63
 15   7      -7.21       2.37
 15   8      -0.02       9.28
 15   9      -1.44      15.78
 15  10       8.61      -0.57
 15  11      -0.24       4.91
 15  12      -0.29     -20.41
 15  13      -0.84     -26.27
 15  14      -5.09      -9.40
 15  15     -25.30      19.99
 16   0      -3.11       0.00
 16   1       8.35      -3.06
 16   2       6.09     -11.77
 16   3     -16.10      17.30
 16   4     -15.05       6.51
 16   5      -2.00       0.57
 16   6      -6.05      -6.08
 16   7       8.72      12.52
 16   8      -0.35       3.57
 16   9      15.18      -1.78
 16  10       0.84       7.66
 16  11      -0.19     -10.54
 16  12     -10.11      -2.09
 16  13     -16.59     -14.04
 16  14       4.28      12.27
 16  15       0.51      22.20
 16  16      33.60      -1.57
 17   0     360.98       0.00
 17   1     -18.48     -11.28
 17   2     -15.19      -7.94
 17   3      -3.08      22.82
 17   4       8.07      15.03
 17   5       0.92       4.53
 17   6       9.34      -0.53
 17   7       4.06       0.83
 17   8      -2.41     -12.12
 17   9       5.36      -8.96
 17  10     -16.56     -10.79
 17  11       8.24     -12.52
 17  12     -15.87      15.17
 17  13      -3.52      -1.21
 17  14      24.09      13.58
 17  15       2.09      -4.95
 17  16      23.48     -12.62
 17  17     -23.44       6.71
 18   0      -0.30       0.00
 18   1      17.53       8.73
 18   2       0.50      -8.84
 18   3      -8.60      17.39
 18   4     -14.91       4.81
 18   5       1.33     -15.19
 18   6      -2.51      -7.88
 18   7       8.05     -10.49
 18   8      -0.30      -0.90
 18   9       4.75      -1.70
 18  10       6.28       1.00
 18  11      -4.64       9.45
 18  12       8.35       4.06
 18  13       5.00       1.42
 18  14      25.27       4.60
 18  15       9.35       0.08
 18  16     -21.52       5.29
 18  17      -8.15     -10.93
 18  18       4.33      32.61
 19   0     264.38       0.00
 19   1     -28.41     -17.80
 19   2      -0.66      -9.01
 19   3       8.78      22.37
 19   4       6.60      12.10
 19   5       5.04       4.94
 19   6       1.63      -1.26
 19   7       5.79     -13.86
 19   8      -1.39       0.68
 19   9      -3.25      -5.21
 19  10      10.82       4.73
 19  11       2.15       2.48
 19  12      15.77      -5.75
 19  13      10.58       4.36
 19  14      -0.47     -13.65
 19  15      -0.08      10.17
 19  16     -32.62       1.51
 19  17       0.38       4.90
 19  18      12.77      10.74
 19  19      14.96      -1.81
 20   0       2.05       0.00
 20   1      29.17       6.86
 20   2       4.40       1.23
 20   3      -9.89      15.05
 20   4     -15.17       4.05
 20   5      -0.96      -7.28
 20   6       5.17      -2.82
 20   7      14.95       1.16
 20   8       1.26      11.03
 20   9      17.10      -5.41
 20  10      19.35       2.07
 20  11       0.73     -12.63
 20  12      10.35      -4.94
 20  13     -16.41      10.91
 20  14      -5.16      -3.39
 20  15      -4.50      19.24
 20  16      -8.25      14.35
 20  17       8.45       5.85
 20  18      15.44       2.71
 20  19       6.11     -11.29
 20  20     -16.52     -11.54
 21   0      87.54       0.00
 21   1     -37.22     -23.16
 21   2       1.82       8.93
 21   3       1.35      20.82
 21   4      11.73      22.37
 21   5      -0.63       5.63
 21   6      14.11       4.73
 21   7       2.40       2.80
 21   8       1.04      -6.11
 21   9       2.57       3.04
 21  10      -6.60      -1.78
 21  11       0.94      -2.22
 21  12      -9.44       2.84
 21  13      -0.56       4.03
 21  14       3.70       8.59
 21  15      -7.25      -5.20
 21  16       2.54      -0.60
 21  17       3.57      -9.26
 21  18       4.90     -22.52
 21  19      -1.11       2.69
 21  20     -21.56       1.38
 21  21       9.56      14.15
 22   0       0.82       0.00
 22   1      30.60      11.82
 22   2      -6.63       9.23
 22   3      -7.64      13.46
 22   4     -19.38      12.41
 22   5       0.62     -13.10
 22   6       0.89      -3.86
 22   7       2.67      -4.14
 22   8      -0.27      -2.99
 22   9       0.84       6.44
 22  10       3.60      -3.02
 22  11      -3.71       3.31
 22  12      -8.23       1.35
 22  13       3.27      -2.51
 22  14       0.52       4.48
 22  15       5.13      -3.06
 22  16       4.17      -4.41
 22  17     -15.38      -1.36
 22  18      12.59      -9.46
 22  19      -0.48       8.29
 22  20       7.66      14.07
 22  21       4.92       7.70
 22  22       8.47     -22.81
 23   0    -173.74       0.00
 23   1     -40.91     -25.20
 23   2      13.10      13.07
 23   3       1.49      13.48
 23   4       6.47      17.96
 23   5       4.79       5.11
 23   6       4.44       0.95
 23   7      -0.46     -14.64
 23   8      -4.52      -6.43
 23   9      -7.91      -2.39
 23  10      -3.42       1.50
 23  11       1.81       3.06
 23  12       1.48      -9.40
 23  13       4.34      -4.14
 23  14      -3.26      -5.80
 23  15      -3.63     -13.05
 23  16      -1.80      -1.21
 23  17      -5.23       0.29
 23  18       4.44       7.75
 23  19       3.12      11.93
 23  20       8.65      12.13
 23  21      -7.48      -7.07
 23  22       4.25      -7.86
 23  23     -11.91       2.26
 24   0       3.27       0.00
 24   1      26.92       9.31
 24   2      -5.40      16.50
 24   3      -4.24       3.73
 24   4     -19.58       4.39
 24   5      -0.56     -14.81
 24   6      -0.17      -8.90
 24   7      14.31      -3.52
 24   8      -4.75       1.88
 24   9      12.24      -4.57
 24  10      11.28       2.99
 24  11      -2.48      -8.64
 24  12       9.29      -6.50
 24  13      -8.42      -2.71
 24  14       5.45      -2.77
 24  15      -3.54       5.00
 24  16      -1.06      -6.95
 24  17      11.10      10.46
 24  18       2.29       7.38
 24  19      10.83      -1.92
 24  20      -0.64       2.07
 24  21     -12.04     -15.69
 24  22       1.73      -6.24
 24  23     -13.14      11.46
 24  24       4.15      11.18
 25   0    -470.62       0.00
 25   1     -30.45     -16.73
 25   2      25.40      29.08
 25   3       0.36      -0.97
 25   4      11.18      17.98
 25   5       2.52       8.08
 25   6      12.82       1.55
 25   7       6.70      -4.99
 25   8      -1.54      -7.66
 25   9       2.75      -1.11
 25  10      -2.39       2.13
 25  11       0.56      -4.67
 25  12       2.06       1.86
 25  13      -1.82      -5.16
 25  14      11.58       3.37
 25  15      -5.26       6.45
 25  16       5.16      -3.29
 25  17       5.62       9.12
 25  18      -1.69      -9.71
 25  19       3.40      -0.06
 25  20     -10.88       4.41
 25  21     -11.02      -6.04
 25  22      -1.51       9.66
 25  23       6.45       2.38
 25  24       7.59      -0.87
 25  25      -4.57     -18.08
 26   0      -0.14       0.00
 26   1      12.39       8.07
 26   2     -11.32      26.75
 26   3       2.94      -6.56
 26   4     -15.13       9.58
 26   5       0.53     -17.15
 26   6       4.47      -6.31
 26   7       9.28      -3.59
 26   8      -0.30       0.02
 26   9       8.03       2.37
 26  10       6.98      -3.67
 26  11      -0.70      -0.01
 26  12       0.07       2.20
 26  13      -0.78       0.68
 26  14       2.98       5.59
 26  15       0.79       1.03
 26  16       5.45       0.36
 26  17      -3.56       7.25
 26  18      -5.28       0.36
 26  19      -0.82       0.17
 26  20      -5.58       1.86
 26  21       3.54      -3.24
 26  22       3.76      -0.35
 26  23      13.14       1.36
 26  24       3.41      -5.27
 26  25      -0.08     -10.87
 26  26      -5.88       4.80
 27   0    -689.68       0.00
 27   1      -8.94      -2.80
 27   2      29.70      32.70
 27   3      -3.10     -15.70
 27   4       7.12      12.93
 27   5       4.21       8.59
 27   6      13.62       4.49
 27   7       0.17     -13.14
 27   8      -2.05      -6.30
 27   9      -6.24       0.01
 27  10      -3.34       2.26
 27  11      -0.48       5.22
 27  12       1.19      -2.91
 27  13       4.14       3.35
 27  14      -1.74       0.38
 27  15      -1.67      -5.53
 27  16      -6.89       3.23
 27  17      -4.45      -3.56
 27  18      -2.14       7.34
 27  19      -4.19      -1.42
 27  20       5.98      -1.81
 27  21       0.02      -0.91
 27  22       7.87     -15.01
 27  23       7.63       4.55
 27  24     -11.35      -1.40
 27  25      -4.41       2.31
 27  26       1.44       2.92
 27  27      10.78       2.17
 28   0      -1.85       0.00
 28   1      -9.79      -0.30
 28   2     -11.85      25.38
 28   3       9.86     -18.79
 28   4      -9.47       3.67
 28   5      -1.64     -17.83
 28   6       1.92     -10.66
 28   7      13.44      -5.58
 28   8      -3.81      -0.23
 28   9       7.46      -0.36
 28  10       8.56       1.01
 28  11      -3.06      -3.25
 28  12       3.13      -3.30
 28  13      -4.21       0.96
 28  14      -1.13      -2.99
 28  15      -0.06      -2.13
 28  16     -10.18      -0.04
 28  17       2.80       3.45
 28  18       1.36       5.01
 28  19       1.78      -7.53
 28  20       7.83       3.73
 28  21      -6.47      -2.46
 28  22       3.88      -8.35
 28  23       2.10       9.51
 28  24      -2.97       6.28
 28  25       2.93       3.86
 28  26       4.06      -4.34
 28  27      13.65       1.36
 28  28      -6.79     -10.22
 29   0    -724.31       0.00
 29   1      23.96      16.08
 29   2      29.26      29.72
 29   3      -4.66     -32.79
 29   4       3.74       2.08
 29   5       1.84      11.32
 29   6      17.13       2.98
 29   7       4.65     -14.56
 29   8      -3.21      -8.84
 29   9      -0.93      -1.31
 29  10      -2.73       3.17
 29  11      -1.98      -1.29
 29  12       1.56      -0.40
 29  13      -2.23      -2.41
 29  14       4.36      -0.40
 29  15      -5.01       0.42
 29  16       0.08      -0.53
 29  17       2.38       2.87
 29  18      -0.22      -3.55
 29  19       1.71      -1.73
 29  20      -1.12      -0.81
 29  21      -1.32      -3.75
 29  22      -1.10       6.81
 29  23      -0.86       5.62
 29  24       2.62       7.26
 29  25      -3.39       2.31
 29  26       5.26      -7.89
 29  27       0.47      -3.30
 29  28      -6.20      -5.66
 29  29      -5.20      13.75