Solar Photospheric Field Harmonic Coefficients
Spherical harmonic coefficients are computed from WSO field observations using radial photospheric field boundary conditions.
WSO Data Use Policy
Coefficients order=29 center=CT1827:180
Coefficients for 360 degrees 
  Beginning: CT1826:000  1990:03:21_13h:27m:03s. 
  Centered:  CT1827:180  1990:04:04_04h:45m:14s. 
  End time:  CT1827:005  1990:04:17_10h:57m:55s.

Max Harmonic Order:29   Units: microTesla (0.01G)

  l   m      g(uT)      h(uT)

  0   0      -0.74       0.00
  1   0       6.72       0.00
  1   1     -83.31       9.88
  2   0      39.72       0.00
  2   1    -104.72     -58.72
  2   2      50.70     165.23
  3   0     -28.97       0.00
  3   1      19.84     109.97
  3   2     -31.45     -75.90
  3   3     128.47      16.11
  4   0     -79.73       0.00
  4   1     186.86     114.60
  4   2     151.62     104.32
  4   3    -245.91      26.53
  4   4     -26.18    -122.19
  5   0    -113.05       0.00
  5   1     131.41       1.63
  5   2     -48.60     -66.95
  5   3     106.65     -19.48
  5   4    -118.07     222.18
  5   5     140.33     -91.94
  6   0     -60.10       0.00
  6   1     181.72      15.01
  6   2     -78.74    -169.05
  6   3     -34.22      53.70
  6   4      71.71     -37.80
  6   5     296.96      94.71
  6   6      26.53     -80.31
  7   0      30.61       0.00
  7   1     127.34     -40.19
  7   2     -30.64      84.51
  7   3     -46.26       2.30
  7   4     -66.65      63.71
  7   5     107.78    -121.11
  7   6      88.66    -196.56
  7   7      20.36    -128.29
  8   0      63.59       0.00
  8   1     134.84     -24.93
  8   2    -169.46     -84.15
  8   3     142.16      -3.49
  8   4      68.83     -20.79
  8   5    -117.49       7.10
  8   6    -300.55    -105.75
  8   7      95.93    -237.33
  8   8      19.83     -22.21
  9   0      25.32       0.00
  9   1      46.09     115.64
  9   2       2.45      25.86
  9   3       0.18      67.75
  9   4      95.50    -129.83
  9   5    -217.94      -7.96
  9   6      25.89      48.87
  9   7     -63.13     220.44
  9   8     -70.26    -208.63
  9   9      77.11    -151.79
 10   0      22.36       0.00
 10   1      73.15       7.58
 10   2       4.54      12.07
 10   3     -50.34    -155.66
 10   4    -132.91       9.53
 10   5     -33.46      26.90
 10   6      16.12     102.99
 10   7     145.24      56.81
 10   8     -47.43     179.62
 10   9    -112.93      26.63
 10  10      42.23      19.30
 11   0      45.89       0.00
 11   1      78.26      25.85
 11   2    -154.81     -72.47
 11   3    -106.76     -91.98
 11   4       7.22      47.20
 11   5      53.44      44.12
 11   6      42.42     -62.64
 11   7    -105.41      88.89
 11   8     263.48    -275.18
 11   9      79.58     130.96
 11  10      59.61      29.43
 11  11    -116.30    -240.84
 12   0     -34.97       0.00
 12   1      77.80      12.65
 12   2     -18.51     -62.80
 12   3      33.04      46.08
 12   4      -7.14     163.79
 12   5      99.87     -18.57
 12   6     143.68       5.81
 12   7     -91.17     -88.78
 12   8       7.66     138.38
 12   9    -131.44    -321.93
 12  10     117.63     313.46
 12  11      -1.20     -54.55
 12  12      24.98     167.92
 13   0      -6.46       0.00
 13   1      -0.05     -22.14
 13   2     -28.80     -46.63
 13   3     107.33       9.09
 13   4     -13.15       0.33
 13   5     -12.92      -0.53
 13   6     -16.24      34.72
 13   7      69.50    -189.62
 13   8    -186.23     107.06
 13   9     -26.42     294.21
 13  10     -95.26    -183.26
 13  11     139.11    -159.32
 13  12      99.15      52.43
 13  13      98.87     -51.55
 14   0      70.87       0.00
 14   1      24.28      20.82
 14   2     -97.95     -58.21
 14   3       8.54     -27.56
 14   4      32.97     -97.62
 14   5      23.17      -0.38
 14   6    -126.16     -37.50
 14   7     -18.91      20.51
 14   8      37.50     -56.80
 14   9      77.72      12.67
 14  10      73.96     210.87
 14  11    -202.75    -267.57
 14  12      43.51     -26.54
 14  13     223.40     -96.16
 14  14     158.37    -134.93
 15   0     113.32       0.00
 15   1      10.72     -18.55
 15   2     -41.77      85.78
 15   3     -48.11     -30.62
 15   4     -24.40     -12.80
 15   5      26.16      26.19
 15   6      -4.28      -5.65
 15   7      10.96     146.23
 15   8     -22.59      38.51
 15   9     115.37    -186.06
 15  10       8.29    -117.88
 15  11     114.89     275.75
 15  12    -292.35     -12.76
 15  13       4.08     -71.08
 15  14     114.24    -247.01
 15  15    -113.95     -34.46
 16   0      31.79       0.00
 16   1     -69.54     -22.50
 16   2     -62.50     -67.04
 16   3      18.60     -65.70
 16   4       5.82      26.56
 16   5     -54.68      26.68
 16   6      63.94      18.59
 16   7      24.33      55.60
 16   8       6.59       6.50
 16   9      34.77      27.45
 16  10     -86.96     -87.18
 16  11     -15.59     -98.87
 16  12     100.25     -15.81
 16  13      -7.33     183.66
 16  14     -16.59     -89.59
 16  15     -95.97     -75.09
 16  16     151.03      23.07
 17   0      22.43       0.00
 17   1     -76.74       7.17
 17   2     -26.48     -44.99
 17   3     -55.61     -35.51
 17   4      -9.41      34.37
 17   5       7.04      13.67
 17   6      22.18       6.35
 17   7      34.65      -7.81
 17   8      32.20     -56.62
 17   9     -31.63      40.70
 17  10      52.02      33.28
 17  11     -67.42      49.06
 17  12    -162.25     -95.52
 17  13     117.79      47.83
 17  14      42.66      -5.13
 17  15    -177.52     144.40
 17  16      -0.17    -108.71
 17  17     -35.52     -51.21
 18   0      16.80       0.00
 18   1    -158.66      -7.39
 18   2     -14.73     -16.38
 18   3      48.81     -60.59
 18   4     -29.13      84.49
 18   5      -1.97       8.49
 18   6      57.18      19.53
 18   7     -11.98     -37.71
 18   8       3.40       6.13
 18   9     -62.05       9.05
 18  10      -6.31      -9.33
 18  11      65.84      60.47
 18  12      48.72     124.13
 18  13    -150.59      45.30
 18  14    -104.16     -82.93
 18  15      88.83      24.82
 18  16     129.15     108.19
 18  17     -85.58     -46.84
 18  18      48.15     -12.67
 19   0      57.33       0.00
 19   1    -124.22     -51.10
 19   2     -55.72      -9.55
 19   3      24.85       6.22
 19   4      16.71     -16.13
 19   5      13.91       9.97
 19   6      -9.71      15.42
 19   7      13.46     -51.59
 19   8     -51.79      45.08
 19   9     -11.09      25.49
 19  10       0.90      25.71
 19  11     -22.07      -0.67
 19  12     182.49      -5.55
 19  13      86.09     -11.76
 19  14    -114.80     102.62
 19  15     -81.05      54.29
 19  16     120.85     -11.26
 19  17      -7.12      10.43
 19  18     -52.06    -147.50
 19  19      51.39      76.84
 20   0       3.46       0.00
 20   1    -173.06     -28.76
 20   2      23.90      11.77
 20   3       9.32     -18.05
 20   4     -17.10      -4.35
 20   5      39.92      17.68
 20   6     -47.39     -12.18
 20   7     -10.70      34.44
 20   8       7.12     -21.63
 20   9      24.74       0.60
 20  10      26.25      21.44
 20  11     -13.87     -28.97
 20  12     -45.71      12.41
 20  13     -19.03    -156.10
 20  14      92.63     -10.30
 20  15      92.86     104.28
 20  16    -211.12     108.65
 20  17      11.86    -162.46
 20  18      44.65     -27.73
 20  19     -13.46      95.30
 20  20      92.15     -80.58
 21   0     -12.91       0.00
 21   1    -132.09     -72.55
 21   2      48.91       7.41
 21   3     -37.52     -53.74
 21   4     -19.06      -6.52
 21   5      48.20      41.57
 21   6      31.40      29.45
 21   7      -4.37      76.36
 21   8     -48.50      26.43
 21   9      36.99     -76.06
 21  10      17.45      47.96
 21  11      21.22      -8.66
 21  12    -144.78     -19.90
 21  13       1.50      33.84
 21  14      64.02     -50.39
 21  15     -19.92     -46.69
 21  16     145.03      51.75
 21  17     -95.66     129.60
 21  18      19.28     -75.36
 21  19     132.98      -0.31
 21  20     -17.25    -116.32
 21  21      25.81     -54.82
 22   0      -0.30       0.00
 22   1    -237.93     -23.13
 22   2      15.39      28.61
 22   3      11.62     -39.40
 22   4       9.36      60.89
 22   5     -35.44       9.05
 22   6      50.97     -12.51
 22   7      51.72       3.58
 22   8      -1.77      19.32
 22   9       1.52      50.74
 22  10     -39.53     -62.52
 22  11      13.18      29.18
 22  12      28.87     -42.97
 22  13     -49.79      75.34
 22  14      17.31      47.09
 22  15      14.12    -129.58
 22  16     -66.41      10.68
 22  17     174.30    -167.13
 22  18     -25.37     205.30
 22  19       6.12     -39.80
 22  20     -52.04    -139.19
 22  21      77.72      51.29
 22  22     -48.56     -65.42
 23   0     -22.33       0.00
 23   1    -143.18     -56.39
 23   2      48.74      10.07
 23   3      12.26      13.47
 23   4     -12.58      18.76
 23   5       9.29      34.68
 23   6     -16.61       7.72
 23   7      23.00     -30.33
 23   8      46.68     -37.00
 23   9     -29.05      52.53
 23  10      23.95      13.76
 23  11     -45.43     -58.78
 23  12      52.60      38.47
 23  13      31.20      -5.30
 23  14     -81.55      54.62
 23  15      10.24      24.97
 23  16       0.24    -174.95
 23  17     -74.64      91.95
 23  18      13.62    -124.61
 23  19      90.00      76.31
 23  20     -58.67     -56.95
 23  21      23.32     -52.22
 23  22     -31.64     -56.86
 23  23     -21.64      -0.24
 24   0     -39.85       0.00
 24   1    -189.40     -33.68
 24   2      88.87      68.36
 24   3       6.28     -15.47
 24   4     -18.69      26.03
 24   5       5.67      19.85
 24   6      30.74      19.65
 24   7     -17.59      14.92
 24   8     -31.19       1.92
 24   9     -12.15     -54.38
 24  10      -0.97      10.78
 24  11      53.53      40.00
 24  12     -38.69       8.97
 24  13      33.49       0.69
 24  14     -15.03     -47.18
 24  15      31.42      55.00
 24  16      13.31      45.04
 24  17     -64.76     -15.15
 24  18      -5.39      80.51
 24  19     -16.47    -160.53
 24  20      -7.71     104.15
 24  21      24.10     -18.04
 24  22     -87.56     -53.00
 24  23     103.20     -72.03
 24  24     -12.73     -45.65
 25   0     -80.41       0.00
 25   1     -94.19     -52.94
 25   2      93.19       9.83
 25   3     -13.03      -5.87
 25   4      -1.16      -1.35
 25   5      54.88      34.82
 25   6       8.75      33.71
 25   7      23.77      14.68
 25   8     -51.99      36.07
 25   9      12.52      -2.77
 25  10      -7.19     -12.63
 25  11     -17.70      52.56
 25  12      47.38     -21.90
 25  13     -20.58      -6.06
 25  14      33.92     -20.28
 25  15     -10.73     -24.17
 25  16      25.45      30.54
 25  17      22.48      50.01
 25  18     -23.12     -74.18
 25  19      35.69      82.43
 25  20    -105.90     -27.08
 25  21      46.56      -2.21
 25  22      -8.88      -6.33
 25  23      -6.38       2.22
 25  24     -85.64     -88.55
 25  25     -14.38      -2.29
 26   0     -46.01       0.00
 26   1     -90.52     -24.03
 26   2      98.43     102.76
 26   3     -10.26      16.93
 26   4      -9.78      40.74
 26   5      -2.41      27.34
 26   6      22.10     -13.80
 26   7      21.88      24.68
 26   8      15.05     -18.29
 26   9       1.02      42.09
 26  10      11.53      16.03
 26  11     -16.10     -32.76
 26  12     -13.61      11.96
 26  13       2.26     -43.76
 26  14      15.18      20.37
 26  15       5.72       6.08
 26  16     -87.61     -12.49
 26  17      56.61     -22.83
 26  18      24.22      -6.62
 26  19     -21.22      -5.04
 26  20      22.06      40.76
 26  21     -58.46     -50.52
 26  22      20.02      30.46
 26  23       7.50     -20.42
 26  24     -41.49     -38.67
 26  25      22.33     -54.16
 26  26       4.39      11.85
 27   0     -96.86       0.00
 27   1      -6.12     -12.80
 27   2     111.52      13.95
 27   3      18.93      26.37
 27   4      -6.50       1.83
 27   5      32.51      45.68
 27   6      12.24      32.28
 27   7      15.69       7.43
 27   8       4.05       4.15
 27   9     -15.00     -15.29
 27  10      12.02      21.31
 27  11      22.88     -12.11
 27  12     -28.81      -5.09
 27  13      13.17      38.67
 27  14     -13.04     -24.15
 27  15     -12.50      12.65
 27  16      46.45      14.41
 27  17     -49.18      37.25
 27  18     -23.56     -29.19
 27  19       0.70      16.51
 27  20      19.41     -73.75
 27  21      25.71      14.84
 27  22     -21.65      73.61
 27  23     -42.97       6.87
 27  24     -27.35     -45.68
 27  25       7.87       1.91
 27  26     -93.45      -8.06
 27  27      32.44     -51.85
 28   0     -46.36       0.00
 28   1      66.02      -0.82
 28   2      98.57      97.76
 28   3     -25.93      45.17
 28   4      -8.79      20.89
 28   5      -2.45      20.46
 28   6      47.97       5.31
 28   7      20.31      14.61
 28   8     -25.10       4.77
 28   9      -1.24      -5.42
 28  10     -11.70     -20.50
 28  11      15.22      29.69
 28  12      20.46     -10.97
 28  13     -32.30       9.11
 28  14      10.01      25.57
 28  15     -16.70     -21.88
 28  16      35.17      -3.87
 28  17      18.06     -35.39
 28  18     -10.41      74.85
 28  19     -28.04     -44.14
 28  20      -4.14     -15.58
 28  21      32.76      -3.71
 28  22      12.33      -3.88
 28  23     -17.08      40.28
 28  24     -11.18      15.39
 28  25      21.64       7.95
 28  26      -5.78      38.81
 28  27     -13.54     -28.36
 28  28     -13.88     -34.33
 29   0     -90.57       0.00
 29   1     101.86      38.24
 29   2      91.91      13.53
 29   3      18.64      30.37
 29   4       6.75      -0.16
 29   5      36.51      39.57
 29   6       1.71      39.63
 29   7      29.65       6.55
 29   8     -12.78      10.27
 29   9      -4.37      12.49
 29  10       4.43      10.00
 29  11     -20.87      -4.92
 29  12      23.08      10.48
 29  13      11.57     -17.30
 29  14     -18.86      17.71
 29  15      25.48      -7.95
 29  16     -34.61      -5.79
 29  17       0.14      -9.16
 29  18      12.04     -30.75
 29  19      12.79      33.51
 29  20      -0.63       7.26
 29  21     -38.72      24.49
 29  22      18.91     -49.19
 29  23     -26.98     -11.87
 29  24      55.75      -4.29
 29  25     -44.22      56.93
 29  26      -4.95     -26.40
 29  27      26.56     -68.31
 29  28     -19.49      69.41
 29  29       1.94     -13.56