Solar Photospheric Field Harmonic Coefficients
Spherical harmonic coefficients are computed from WSO field observations using radial photospheric field boundary conditions.
WSO Data Use Policy
Coefficients order=29 center=CT1881:180
Coefficients for 360 degrees 
  Beginning: CT1880:000  1994:04:02_10h:11m:16s. 
  Centered:  CT1881:180  1994:04:16_01h:29m:27s. 
  End time:  CT1881:005  1994:04:29_07h:42m:08s.

Max Harmonic Order:29   Units: microTesla (0.01G)

  l   m      g(uT)      h(uT)

  0   0      -8.79       0.00
  1   0     177.48       0.00
  1   1     -35.07      26.56
  2   0     -84.13       0.00
  2   1      26.98     -28.95
  2   2      19.16     -22.69
  3   0     276.02       0.00
  3   1      41.71      -4.38
  3   2      28.09     -29.16
  3   3     -60.87     -51.84
  4   0     -60.37       0.00
  4   1     -68.64       2.67
  4   2     -39.18      -3.62
  4   3     -44.36      34.84
  4   4      68.77      11.22
  5   0     123.37       0.00
  5   1      20.52     -45.59
  5   2     -42.18      18.02
  5   3     -22.83      24.75
  5   4       6.65     -22.37
  5   5     -26.05     -20.48
  6   0     -28.12       0.00
  6   1       6.29      23.66
  6   2      16.68      56.92
  6   3      61.90     -31.34
  6   4      -4.57     -67.06
  6   5     -12.27      39.52
  6   6     -30.24      13.30
  7   0      26.91       0.00
  7   1      15.51     -12.07
  7   2      -0.87      51.36
  7   3      28.14       8.06
  7   4     -34.66      49.35
  7   5      -4.03      35.81
  7   6     -51.61      70.22
  7   7       2.89      20.00
  8   0      25.07       0.00
  8   1     -22.56     -14.50
  8   2      10.80     -42.54
  8   3     -42.34       3.76
  8   4     -24.12      44.69
  8   5     -21.37     -42.47
  8   6      22.07       7.17
  8   7     -80.34     -26.52
  8   8     -44.22      30.82
  9   0    -112.22       0.00
  9   1      12.09      -7.84
  9   2     -19.07      15.36
  9   3      12.06       7.93
  9   4      45.97     -50.34
  9   5      20.30     -35.06
  9   6      81.57     -55.62
  9   7     -36.51      42.65
  9   8      42.65     -46.22
  9   9     -17.87     -33.27
 10   0      17.65       0.00
 10   1     -16.05     -14.41
 10   2     -16.27      57.41
 10   3      36.87       0.94
 10   4      25.07     -20.37
 10   5      26.69      60.68
 10   6     -27.64     -16.56
 10   7      67.55      65.00
 10   8      20.07     -28.67
 10   9      16.05      39.86
 10  10     133.50     -76.95
 11   0    -174.27       0.00
 11   1       6.61      -2.24
 11   2     -13.02      46.65
 11   3     -29.43     -24.23
 11   4     -44.14     -16.88
 11   5     -38.07     -11.63
 11   6     -61.35      41.71
 11   7      39.36     -67.72
 11   8     -16.35      13.64
 11   9       9.84       8.24
 11  10      27.81     -45.16
 11  11     -55.99      90.43
 12   0      91.86       0.00
 12   1      -0.74      21.66
 12   2      22.53     -12.83
 12   3      15.28     -12.18
 12   4       5.11     -10.01
 12   5      -8.14     -17.49
 12   6      33.43     -18.19
 12   7       1.91     -30.52
 12   8      -6.64       0.31
 12   9     -24.27      17.31
 12  10      12.65      15.77
 12  11     -14.41     -38.26
 12  12     -31.89     -16.88
 13   0    -266.44       0.00
 13   1      13.28     -20.44
 13   2     -29.49      26.70
 13   3       6.13      17.60
 13   4      18.28      28.13
 13   5      23.02      10.43
 13   6      26.38      13.01
 13   7     -22.37      31.66
 13   8     -17.81      -3.13
 13   9      25.48      -1.42
 13  10     -18.16       6.82
 13  11     -24.29      20.21
 13  12      97.34      43.44
 13  13      -3.31     -69.69
 14   0      84.08       0.00
 14   1     -17.40     -16.11
 14   2      -7.12      24.14
 14   3      34.48      13.68
 14   4     -20.30     -12.76
 14   5      -8.87     -29.30
 14   6     -29.23      10.22
 14   7     -13.14      29.60
 14   8       2.40       9.94
 14   9      20.27      -5.98
 14  10     -17.38     -24.34
 14  11      -9.49       3.61
 14  12      11.79      -5.06
 14  13     -35.12      28.85
 14  14      16.98      78.33
 15   0    -349.27       0.00
 15   1      -3.78       5.31
 15   2       0.78      37.37
 15   3      -9.26     -14.03
 15   4      19.77     -44.22
 15   5     -20.87     -33.26
 15   6      -1.01      -3.63
 15   7       2.09     -22.49
 15   8      29.47     -19.21
 15   9     -26.88     -18.09
 15  10      17.32      -5.70
 15  11      29.18      -1.91
 15  12     -37.78     -36.20
 15  13       0.70     -28.56
 15  14       0.10      16.04
 15  15     -89.41      -8.19
 16   0      95.98       0.00
 16   1      23.87      14.41
 16   2       1.43       8.42
 16   3      19.90     -13.87
 16   4       3.07     -16.77
 16   5      16.90      47.95
 16   6      14.19     -19.25
 16   7      48.05      19.51
 16   8       0.78     -19.20
 16   9     -18.56       0.99
 16  10      17.63       6.24
 16  11      -1.01      44.82
 16  12     -33.11      -9.34
 16  13      16.42      -3.39
 16  14      -5.22       0.83
 16  15       5.32     -53.33
 16  16     -12.74     -61.74
 17   0    -323.24       0.00
 17   1     -16.09      20.99
 17   2     -24.74      16.44
 17   3      -7.19      -5.26
 17   4      -8.44      33.25
 17   5       1.14     -10.05
 17   6      -6.16      33.47
 17   7       1.51       6.97
 17   8     -40.72      12.06
 17   9       1.12       8.80
 17  10     -13.09       5.28
 17  11     -21.42      -7.33
 17  12     -35.08      -4.73
 17  13       1.06      22.16
 17  14     -10.08     -24.16
 17  15     -16.87       2.53
 17  16      37.77      -8.63
 17  17      22.60     -15.26
 18   0      92.18       0.00
 18   1       7.66     -14.61
 18   2       8.90       2.94
 18   3      23.44       2.92
 18   4      -0.34     -11.89
 18   5     -11.74     -38.96
 18   6      -0.65      -1.02
 18   7     -28.78      10.09
 18   8      -1.10      -7.09
 18   9      11.86      -4.02
 18  10      -6.44      -9.14
 18  11     -10.60     -36.19
 18  12       3.28      -0.40
 18  13      16.96      -0.70
 18  14     -17.73     -11.24
 18  15      25.84      21.00
 18  16     -27.19      18.08
 18  17      27.01       5.32
 18  18       3.06      29.80
 19   0    -248.38       0.00
 19   1     -19.68      13.52
 19   2       4.63      14.25
 19   3       0.17       5.52
 19   4       7.07     -35.22
 19   5       3.21      -4.11
 19   6       2.16       0.71
 19   7     -10.04       6.52
 19   8      28.07     -23.77
 19   9      -4.71       6.67
 19  10      14.30     -14.87
 19  11       6.37      -8.88
 19  12      37.32      29.56
 19  13       2.51      -9.59
 19  14       6.60      16.03
 19  15      26.91      -0.88
 19  16     -13.97      16.09
 19  17     -13.47     -28.16
 19  18     -18.66      36.25
 19  19      18.44       1.42
 20   0      47.11       0.00
 20   1      35.67      12.64
 20   2      -9.84      11.04
 20   3      24.59      -6.00
 20   4      -8.43     -17.77
 20   5       4.30       6.66
 20   6     -17.48      -2.88
 20   7      29.00      10.05
 20   8      -3.90      -2.20
 20   9     -12.71       7.52
 20  10      -1.37      -8.05
 20  11       8.83      38.64
 20  12       7.23       4.40
 20  13     -26.50      24.71
 20  14       8.06       5.41
 20  15     -25.12      10.81
 20  16       9.61      11.93
 20  17      -6.78      -9.88
 20  18       5.00      11.26
 20  19       5.44      -2.91
 20  20      -1.88      24.64
 21   0     -85.69       0.00
 21   1     -30.87      29.84
 21   2      -1.46     -14.24
 21   3     -10.82      -9.78
 21   4      20.57       0.55
 21   5     -17.81     -29.81
 21   6       7.48      13.91
 21   7       3.17     -15.95
 21   8     -20.35       3.74
 21   9     -17.67      -2.89
 21  10      -8.13      -1.44
 21  11      12.35       1.92
 21  12     -32.76     -28.90
 21  13      -3.32       3.25
 21  14     -13.71     -22.78
 21  15      -9.68      -2.11
 21  16      -2.10     -29.41
 21  17       4.04      15.45
 21  18       3.07      -2.47
 21  19      13.85      -0.42
 21  20     -19.82      12.72
 21  21      -3.18       7.97
 22   0      -6.21       0.00
 22   1      27.34      -1.47
 22   2       2.72     -21.39
 22   3      24.63       0.82
 22   4      -4.02     -18.71
 22   5       5.53       0.86
 22   6      13.66     -11.24
 22   7       1.59      18.10
 22   8      -3.15      -9.90
 22   9       1.96      -4.23
 22  10       4.12      -4.17
 22  11       5.41     -17.45
 22  12     -12.40      -4.74
 22  13      18.09     -10.71
 22  14       3.45      -2.65
 22  15      20.74      -9.32
 22  16       2.63       3.51
 22  17      14.69      -9.26
 22  18      -5.12      -9.36
 22  19      -1.73       8.75
 22  20      17.15       7.03
 22  21     -12.55       1.18
 22  22      -8.24     -30.55
 23   0     171.49       0.00
 23   1     -28.99      26.18
 23   2      19.25     -30.51
 23   3      -0.34       3.29
 23   4      -3.34      -4.63
 23   5       4.30     -16.07
 23   6      -9.83      25.20
 23   7      -7.07      17.54
 23   8       5.64      -7.11
 23   9       3.08      -0.76
 23  10       4.31      -7.30
 23  11      -6.85      -5.76
 23  12      13.79      -1.54
 23  13      -0.27       1.84
 23  14       8.63      10.04
 23  15      -5.04      -3.42
 23  16       5.98      21.63
 23  17       3.43      -3.67
 23  18      -1.47       0.64
 23  19      -7.30       1.80
 23  20      -1.25     -11.85
 23  21      16.12       6.54
 23  22      -9.75     -45.44
 23  23      10.81      19.62
 24   0     -94.82       0.00
 24   1      30.53       3.53
 24   2      -5.02      -6.52
 24   3      -0.84      -2.53
 24   4      -4.16     -23.78
 24   5      -4.51     -13.99
 24   6     -15.62      -2.24
 24   7       4.10       6.15
 24   8      -3.29      -2.42
 24   9      -9.61       2.59
 24  10      -3.85     -11.88
 24  11       2.28      11.39
 24  12      10.63      -6.98
 24  13      -4.52       0.73
 24  14      -8.82      -3.05
 24  15     -16.52       3.51
 24  16       3.21       8.13
 24  17     -11.39       2.98
 24  18       1.30       2.43
 24  19      -4.65       6.26
 24  20       7.51       5.60
 24  21      19.45       6.62
 24  22     -17.02      -2.95
 24  23      18.19      18.66
 24  24       1.90     -13.69
 25   0     436.23       0.00
 25   1     -25.29      20.85
 25   2      25.10     -55.47
 25   3       1.19       0.02
 25   4      15.04     -15.84
 25   5     -11.69     -25.68
 25   6       9.09      10.15
 25   7      -3.10      -9.53
 25   8      -1.76      -8.09
 25   9     -10.20       3.04
 25  10      -4.68      -1.39
 25  11      14.35      -6.55
 25  12       3.62      -1.92
 25  13       1.46     -19.04
 25  14      -6.65     -15.90
 25  15       5.36       1.18
 25  16       3.66     -14.47
 25  17      -0.58      -2.89
 25  18      -8.39       0.20
 25  19      -5.59       6.37
 25  20       5.49       5.87
 25  21      -9.62     -11.98
 25  22     -10.28      20.88
 25  23       3.21       5.05
 25  24      -9.09      -8.19
 25  25       9.40     -14.34
 26   0    -160.83       0.00
 26   1      16.57       2.90
 26   2      -5.49     -30.08
 26   3      -4.35      -0.77
 26   4      -3.49     -13.59
 26   5       5.98      -0.70
 26   6       1.83      -9.18
 26   7      12.47      18.63
 26   8      -5.39      -6.92
 26   9       1.01       2.06
 26  10      -0.45      -1.76
 26  11       8.95      -1.89
 26  12      -1.27      -3.53
 26  13      -2.35       0.26
 26  14       7.81      -0.90
 26  15      12.67       0.59
 26  16       1.38       0.19
 26  17       6.15      -3.63
 26  18       1.20       4.72
 26  19      -1.17       0.35
 26  20       3.24       7.51
 26  21      -9.03      -0.30
 26  22       5.69      -4.07
 26  23      -5.61      -8.64
 26  24       6.73     -13.04
 26  25     -12.57     -17.80
 26  26      28.71      29.98
 27   0     641.88       0.00
 27   1      -5.61       2.93
 27   2      34.08     -62.22
 27   3       4.61       4.63
 27   4       1.10      -5.21
 27   5      -6.81     -30.86
 27   6      -4.30      29.96
 27   7      -5.97       7.66
 27   8      -2.94      -2.33
 27   9      -4.37      -1.28
 27  10      -2.13      -5.46
 27  11       1.28      -1.15
 27  12      -4.23      -7.76
 27  13      -0.83      -2.57
 27  14       1.78       2.94
 27  15      -3.16       3.69
 27  16      -2.28      11.63
 27  17       7.49      15.65
 27  18      -2.89       1.65
 27  19      -1.67       4.87
 27  20      -9.26      -5.01
 27  21      -3.79      -7.80
 27  22      10.68     -10.91
 27  23      -0.63       5.24
 27  24      13.14      -5.82
 27  25      -6.40       7.13
 27  26      23.17       4.01
 27  27     -31.87      16.01
 28   0    -199.31       0.00
 28   1      -8.19       0.46
 28   2      -2.06     -23.39
 28   3     -30.48       3.39
 28   4       0.17     -12.46
 28   5      -0.48      -7.30
 28   6      -8.67      -9.89
 28   7       5.85      11.59
 28   8      -3.54      -5.06
 28   9      -5.58      -1.48
 28  10       1.51     -10.43
 28  11       4.54      -3.01
 28  12       2.71      -6.93
 28  13       3.20      -2.07
 28  14       1.43      -1.99
 28  15      -2.18      -8.00
 28  16     -12.51       6.03
 28  17      -7.86      -1.65
 28  18      -1.91      -4.05
 28  19      -1.21      -1.25
 28  20       1.67       5.30
 28  21      11.99       2.66
 28  22       4.16      -2.14
 28  23      -3.33      -3.81
 28  24      -8.96       2.82
 28  25       1.47      20.80
 28  26       1.77      -2.74
 28  27     -10.14       9.42
 28  28     -17.21      -8.09
 29   0     668.01       0.00
 29   1      18.57     -17.62
 29   2      27.86     -56.28
 29   3       8.61       3.77
 29   4      -0.11      -6.40
 29   5      -8.98     -28.35
 29   6       3.31      29.04
 29   7      -6.05       1.72
 29   8       0.18      -6.05
 29   9      -5.05       2.44
 29  10      -1.86      -2.45
 29  11       5.28      -2.75
 29  12      11.61      -0.28
 29  13      -0.10     -12.98
 29  14      -0.97      -4.77
 29  15       1.44      -0.48
 29  16       4.86       2.14
 29  17      -1.19      -0.62
 29  18       0.52       0.29
 29  19      -4.89       5.26
 29  20      -4.31       2.64
 29  21      11.99      -0.03
 29  22      -0.61      11.38
 29  23      -1.60       0.61
 29  24       0.36      -1.28
 29  25      -2.56      -5.34
 29  26     -11.13     -12.55
 29  27      -2.12      10.82
 29  28     -15.98      -6.34
 29  29       8.98      -4.48