Solar Photospheric Field Harmonic Coefficients
Spherical harmonic coefficients are computed from WSO field observations using radial photospheric field boundary conditions.
WSO Data Use Policy
Coefficients order=29 center=CT1941:180
Coefficients for 360 degrees 
  Beginning: CT1940:000  1998:09:24_22h:33m:43s. 
  Centered:  CT1941:180  1998:10:08_13h:51m:55s. 
  End time:  CT1941:005  1998:10:21_20h:04m:36s.

Max Harmonic Order:29   Units: microTesla (0.01G)

  l   m      g(uT)      h(uT)

  0   0      28.28       0.00
  1   0      84.64       0.00
  1   1      -3.72      14.02
  2   0      57.48       0.00
  2   1      29.75       5.42
  2   2      18.81      48.24
  3   0     159.07       0.00
  3   1     -26.87      10.42
  3   2     -64.62      61.14
  3   3      23.20       7.97
  4   0      22.27       0.00
  4   1     -41.11      -0.06
  4   2      -8.44      32.38
  4   3     -48.60      33.46
  4   4     -59.69      42.11
  5   0     210.84       0.00
  5   1      33.14     -29.06
  5   2      70.33     -22.86
  5   3      -0.19      29.00
  5   4      13.46      45.63
  5   5     -19.08      31.25
  6   0     -13.56       0.00
  6   1     -18.49     -46.94
  6   2      28.51     -48.27
  6   3     -54.49     -28.82
  6   4     -30.11      26.15
  6   5      82.33     -64.24
  6   6     -73.10      -4.74
  7   0     -63.63       0.00
  7   1      12.66       3.29
  7   2       7.33      31.74
  7   3      15.03      26.66
  7   4      36.43     -73.65
  7   5      -7.58      79.14
  7   6    -239.25     -18.04
  7   7      94.73     -49.11
  8   0      -2.48       0.00
  8   1      26.32     -55.41
  8   2      62.18     -67.16
  8   3      69.27      -4.92
  8   4      57.81     -63.98
  8   5     -71.51     -14.21
  8   6     -22.46      20.18
  8   7      70.09     -18.29
  8   8     -60.01      -0.89
  9   0     -79.20       0.00
  9   1     -20.71      23.56
  9   2     -59.53     100.25
  9   3      36.24     -53.92
  9   4     -42.47      94.18
  9   5     -21.49      44.96
  9   6     -85.82      -3.34
  9   7      30.28       5.28
  9   8     -52.98     128.43
  9   9     -29.90     -35.23
 10   0       0.23       0.00
 10   1     -43.43      35.59
 10   2      21.97     -78.52
 10   3      -8.54      40.10
 10   4     -47.96       9.41
 10   5     -16.35      64.75
 10   6      27.98      25.76
 10   7      30.73      37.81
 10   8     -98.80      64.71
 10   9     186.38      69.94
 10  10      11.49      12.74
 11   0     -79.33       0.00
 11   1      30.79     -27.63
 11   2      44.87      26.45
 11   3     -20.79     -52.79
 11   4      30.07      13.44
 11   5      -1.08     -20.83
 11   6     155.37       2.17
 11   7    -102.51     115.38
 11   8      56.81      55.22
 11   9     -20.54     -61.01
 11  10     -26.17       9.09
 11  11      57.81      32.44
 12   0     -68.79       0.00
 12   1      -6.33     -18.39
 12   2      45.96      14.65
 12   3      -7.43      22.00
 12   4     -52.71      26.02
 12   5      46.74     -16.07
 12   6     -67.11       8.66
 12   7     -26.98       6.45
 12   8      23.89      50.61
 12   9      95.61      36.13
 12  10     -19.95      51.10
 12  11      46.34      41.89
 12  12      29.07     -33.63
 13   0    -206.46       0.00
 13   1     -16.78      13.81
 13   2      13.20      41.80
 13   3      13.52      31.87
 13   4      30.72      -9.66
 13   5      13.53     -53.73
 13   6     -26.14      -1.13
 13   7      27.28     -25.93
 13   8     -10.98     -46.59
 13   9     -11.01      51.84
 13  10      26.95      31.10
 13  11      39.03       2.77
 13  12     -21.65      68.58
 13  13       4.13       4.14
 14   0     -43.87       0.00
 14   1      24.18     -44.30
 14   2      28.88     -86.59
 14   3      28.09      28.17
 14   4      18.40     -40.36
 14   5     -14.59      22.79
 14   6      75.48     -16.18
 14   7      18.10     -22.06
 14   8      24.41      -6.25
 14   9     -73.17     -30.98
 14  10     -48.84      17.30
 14  11      -4.05      63.57
 14  12      11.60     -38.95
 14  13      -5.66      10.41
 14  14     -25.32      40.54
 15   0    -214.23       0.00
 15   1       8.08      -2.90
 15   2     -42.73      64.85
 15   3      -7.64     -42.43
 15   4     -15.26      76.51
 15   5     -30.28     -10.39
 15   6     -35.50       8.43
 15   7      -5.10     -33.23
 15   8     -28.75       6.86
 15   9     -50.45      32.04
 15  10      11.92       3.80
 15  11     -80.85     -39.26
 15  12     -11.35      12.50
 15  13      41.88     120.11
 15  14      -3.16      16.70
 15  15      16.01     -46.32
 16   0     -54.92       0.00
 16   1     -12.93      51.13
 16   2      38.05     -53.14
 16   3     -11.72      27.25
 16   4     -27.13      -9.81
 16   5     -10.81      71.84
 16   6     -13.47       1.63
 16   7      15.48      16.93
 16   8      -6.56       4.78
 16   9      10.10     -15.44
 16  10       0.15     -41.02
 16  11      -1.22      33.15
 16  12     -25.41      10.72
 16  13     -96.21     -51.79
 16  14     -48.21      29.99
 16  15      48.86      28.51
 16  16      25.98     -18.96
 17   0    -251.87       0.00
 17   1      -5.59      -5.04
 17   2      30.44      24.67
 17   3       8.61     -48.93
 17   4      35.74     -15.60
 17   5     -22.14     -17.56
 17   6      76.10      19.65
 17   7      -1.58     -13.93
 17   8      45.07      22.08
 17   9      14.28     -13.90
 17  10      -9.87       1.20
 17  11      19.62      22.38
 17  12      -7.91      -4.44
 17  13      44.96     111.63
 17  14     -64.07     -50.66
 17  15      27.57     -76.62
 17  16     -67.68      56.57
 17  17      25.76     -24.92
 18   0     -69.40       0.00
 18   1      12.54      14.12
 18   2      23.82      -1.76
 18   3      31.21      36.24
 18   4     -42.39       5.82
 18   5     -23.20      18.73
 18   6     -23.34       6.88
 18   7     -21.02       0.84
 18   8       1.15      -8.40
 18   9      47.80      16.67
 18  10      -4.93      13.69
 18  11      36.45       5.82
 18  12       6.96     -10.03
 18  13     -16.75       6.82
 18  14       2.52     -55.83
 18  15       6.46      60.19
 18  16       6.79     -69.52
 18  17      98.37      72.53
 18  18     -59.86     -15.18
 19   0    -134.54       0.00
 19   1     -14.65      13.39
 19   2       1.04      12.62
 19   3      12.25     -11.08
 19   4       8.90      63.36
 19   5     -13.47     -53.04
 19   6      -0.66      18.19
 19   7      -8.81      -9.12
 19   8     -28.75      -4.13
 19   9       4.87     -24.40
 19  10      27.43      -6.45
 19  11      -5.24       4.52
 19  12      -7.31      30.23
 19  13      18.18     -73.09
 19  14     -11.98       0.77
 19  15      -4.26      -6.39
 19  16      -3.92      -4.22
 19  17      31.96     -58.34
 19  18     -42.68      29.53
 19  19      63.00      15.42
 20   0     -23.69       0.00
 20   1      24.68      28.42
 20   2      -9.82      -9.29
 20   3       4.70      24.11
 20   4     -21.83     -16.13
 20   5       9.94      45.70
 20   6      18.73      -4.30
 20   7      -6.88      26.10
 20   8       9.12     -13.75
 20   9       6.57      -4.82
 20  10      11.51       7.20
 20  11     -14.32      -3.55
 20  12     -12.04       1.62
 20  13      70.61      46.96
 20  14      18.55      30.98
 20  15     -15.23      25.27
 20  16     -16.15     -37.89
 20  17      87.68      41.63
 20  18     -80.56     -24.15
 20  19      41.01     -14.93
 20  20       2.95      -6.39
 21   0     -54.13       0.00
 21   1       0.44      -8.19
 21   2     -12.62      -9.71
 21   3      -7.14     -29.95
 21   4      21.87      32.32
 21   5     -19.53     -45.66
 21   6      -4.29      20.12
 21   7     -15.64      -4.76
 21   8       5.37      -9.49
 21   9     -20.24      -1.19
 21  10     -11.01     -16.75
 21  11     -11.16      -6.33
 21  12       7.76      -8.73
 21  13       5.43     -21.53
 21  14      29.49      70.70
 21  15      11.51      34.68
 21  16      30.46     -16.58
 21  17     -20.38     -48.05
 21  18       8.83      -1.72
 21  19     104.18      65.57
 21  20     -23.93     -18.84
 21  21       7.28     -12.38
 22   0      -7.64       0.00
 22   1      14.45      41.42
 22   2     -16.30      39.72
 22   3      -2.29      25.35
 22   4     -32.66     -18.78
 22   5     -14.16      67.84
 22   6     -18.35      -3.91
 22   7      -5.06       9.86
 22   8       8.70      -0.47
 22   9     -22.65      -4.69
 22  10      10.47     -21.79
 22  11      11.90     -24.81
 22  12      -6.30      -5.45
 22  13     -51.03     -17.78
 22  14      11.05      10.14
 22  15      18.14     -12.29
 22  16      23.95      36.62
 22  17      -8.45      -1.63
 22  18      29.22      -2.57
 22  19      -7.99     -71.22
 22  20      -1.91       3.40
 22  21      10.84      55.28
 22  22      -2.62      -8.67
 23   0     110.07       0.00
 23   1     -15.52       4.15
 23   2      10.41     -53.92
 23   3      12.86     -12.43
 23   4      24.12      36.60
 23   5     -29.88     -52.16
 23   6      46.92      27.40
 23   7      11.70     -32.99
 23   8       0.92      19.51
 23   9       5.03      -1.33
 23  10      -3.62     -14.07
 23  11      27.74      17.77
 23  12      -5.61      13.65
 23  13       0.46      51.49
 23  14     -29.00      -6.50
 23  15      11.67      19.86
 23  16      -9.08      22.43
 23  17      15.96      27.44
 23  18      41.38      -9.23
 23  19      -0.47      79.96
 23  20      -3.07      -8.16
 23  21      -6.62      -3.78
 23  22     -24.95       7.52
 23  23     -13.80      -2.54
 24   0      53.59       0.00
 24   1      17.23      31.60
 24   2     -52.69      59.35
 24   3      13.17       5.97
 24   4     -38.22      -7.36
 24   5     -19.63      63.97
 24   6      13.79      -1.81
 24   7      -8.67      12.25
 24   8      -4.52      -8.60
 24   9      22.74       4.09
 24  10      -6.68       5.42
 24  11       5.38     -17.12
 24  12       6.87     -14.22
 24  13     -15.38      -7.26
 24  14      -4.77     -39.81
 24  15     -16.55      -1.29
 24  16      14.76      37.02
 24  17     -18.11      12.32
 24  18      12.04       8.69
 24  19     -30.70     -45.49
 24  20       1.39      31.93
 24  21       4.78       8.27
 24  22       5.86     -14.92
 24  23       9.71      -8.83
 24  24       4.64      -7.91
 25   0     305.78       0.00
 25   1      -1.40       4.34
 25   2      -7.72     -80.59
 25   3       2.48      -1.51
 25   4      20.16      50.50
 25   5     -31.35     -70.26
 25   6      17.05      31.23
 25   7     -15.45     -12.77
 25   8      -7.12      -2.88
 25   9       6.18     -18.47
 25  10      -6.21      -6.11
 25  11     -15.42       5.39
 25  12       5.05      -5.64
 25  13       7.81     -14.76
 25  14      -9.48     -10.48
 25  15      -4.68       4.23
 25  16      14.67      -8.97
 25  17      29.24      47.01
 25  18     -22.60      18.73
 25  19     -11.20      11.18
 25  20      13.17      -3.92
 25  21     -27.85      58.03
 25  22     -43.34     -12.02
 25  23     -33.96     -21.33
 25  24       5.56      15.33
 25  25      12.73     -15.34
 26   0     103.91       0.00
 26   1       8.81      15.51
 26   2     -70.42      93.03
 26   3     -13.16     -13.67
 26   4     -29.14     -14.26
 26   5      -7.50      82.06
 26   6     -14.25      -5.29
 26   7     -17.24      22.03
 26   8       8.35     -15.30
 26   9       1.52      -1.21
 26  10       9.83       0.02
 26  11      -7.85     -13.28
 26  12      -9.94      -0.69
 26  13       8.65      -9.43
 26  14      -2.45       7.84
 26  15      -0.61      10.59
 26  16      -3.61      -8.53
 26  17     -18.30     -19.69
 26  18     -14.06      16.90
 26  19      34.63      30.27
 26  20       1.47      14.90
 26  21     -13.55     -22.96
 26  22       4.80     -11.82
 26  23     -11.32      13.55
 26  24     -15.20     -30.19
 26  25       5.02      23.77
 26  26     -19.07     -14.03
 27   0     417.14       0.00
 27   1      -1.06      -0.30
 27   2      -2.36     -92.64
 27   3      -0.38      21.38
 27   4      15.65      27.33
 27   5     -34.84     -71.35
 27   6      32.70      41.11
 27   7       0.46     -27.62
 27   8       2.20       1.02
 27   9      -3.49      -6.78
 27  10      -8.77     -15.36
 27  11      12.40      12.66
 27  12      -1.26       1.24
 27  13       0.21      -5.47
 27  14       8.16      21.14
 27  15       7.58      -4.17
 27  16       2.01      -1.79
 27  17      -3.62      -9.18
 27  18       7.81      -5.00
 27  19       8.01     -25.93
 27  20       4.64      -3.18
 27  21      -0.88      16.70
 27  22     -18.08     -17.72
 27  23     -28.18     -42.70
 27  24      -8.89       1.86
 27  25      48.00     -43.65
 27  26     -30.34      -9.34
 27  27      16.33      -1.03
 28   0     132.73       0.00
 28   1      -6.90     -11.76
 28   2     -71.15      87.96
 28   3      -7.61     -33.15
 28   4     -21.44      -7.40
 28   5     -19.78      84.11
 28   6       0.33      -6.30
 28   7     -13.07      21.21
 28   8       3.44     -10.10
 28   9      -3.78       0.32
 28  10       0.60      -5.36
 28  11       8.33     -18.30
 28  12      -0.65      -5.02
 28  13     -14.54      -9.57
 28  14       7.61     -12.45
 28  15       5.39      -6.37
 28  16       2.33      -6.98
 28  17       8.40      -2.06
 28  18      19.68      10.90
 28  19      21.27      22.23
 28  20      -0.79     -10.39
 28  21      16.57      16.88
 28  22       2.01      -6.12
 28  23     -16.53      28.24
 28  24     -17.85     -44.60
 28  25       2.71      13.34
 28  26     -36.66     -44.37
 28  27      33.10      13.67
 28  28      -9.26       2.18
 29   0     435.19       0.00
 29   1       7.47      -1.59
 29   2      -5.16     -82.80
 29   3      -5.17      38.89
 29   4       3.44      17.52
 29   5     -36.74     -67.60
 29   6      40.79      50.48
 29   7      -5.10     -33.25
 29   8      -2.88       4.44
 29   9       2.83     -11.91
 29  10      -9.67     -11.56
 29  11       3.91      10.20
 29  12       5.32      -0.64
 29  13       0.71       8.21
 29  14     -10.28       0.28
 29  15      -3.47       6.85
 29  16       4.67      11.75
 29  17      17.04      -9.11
 29  18      10.36       0.40
 29  19     -25.00       4.17
 29  20       8.22       0.39
 29  21      28.25     -22.65
 29  22       8.71      11.99
 29  23      -6.59     -20.77
 29  24     -18.44     -16.60
 29  25      -6.34     -33.38
 29  26       0.75     -25.50
 29  27      41.21       0.79
 29  28     -35.41       8.77
 29  29       6.67       3.09