Solar Photospheric Field Harmonic Coefficients
Spherical harmonic coefficients are computed from WSO field observations using radial photospheric field boundary conditions.
WSO Data Use Policy
Coefficients order=29 center=CT1949:180
Coefficients for 360 degrees 
  Beginning: CT1948:000  1999:05:01_03h:24m:43s. 
  Centered:  CT1949:180  1999:05:14_18h:42m:54s. 
  End time:  CT1949:005  1999:05:28_00h:55m:35s.

Max Harmonic Order:29   Units: microTesla (0.01G)

  l   m      g(uT)      h(uT)

  0   0      33.93       0.00
  1   0      40.32       0.00
  1   1     -16.88     -10.81
  2   0       6.29       0.00
  2   1      43.70     -43.56
  2   2      17.90     -62.83
  3   0     130.28       0.00
  3   1     -89.90      39.42
  3   2     -36.18     -26.52
  3   3     -96.27     -40.91
  4   0      27.18       0.00
  4   1     -10.06     112.52
  4   2      44.26      21.95
  4   3     -16.09      47.95
  4   4    -104.38      48.38
  5   0     275.16       0.00
  5   1      99.41      -4.85
  5   2       7.75      45.75
  5   3     -64.09     -28.79
  5   4    -186.07      25.84
  5   5     -11.85      31.78
  6   0     -47.59       0.00
  6   1      65.58     -30.80
  6   2     -20.64      69.29
  6   3       9.62      35.39
  6   4     -76.27      50.56
  6   5     114.14      38.96
  6   6     -17.87     -29.16
  7   0     -81.54       0.00
  7   1     126.25     114.94
  7   2     -38.72     -52.38
  7   3      33.16      79.08
  7   4      55.98      -8.93
  7   5     -67.94     -74.46
  7   6      43.49    -166.87
  7   7      33.26      10.05
  8   0     -15.16       0.00
  8   1     -13.74      12.27
  8   2     -40.71     -68.02
  8   3       5.30       4.35
  8   4      35.53     -26.72
  8   5      87.26     -20.95
  8   6     -89.60    -118.75
  8   7      86.20    -112.64
  8   8      56.75     -28.92
  9   0     -44.19       0.00
  9   1      -9.32      17.92
  9   2     119.83      26.06
  9   3      56.71     -25.69
  9   4     -14.31       2.06
  9   5     -26.79     -18.41
  9   6     -36.58     -80.44
  9   7      12.50     106.59
  9   8      90.55     -88.83
  9   9      50.28     -82.04
 10   0      33.30       0.00
 10   1      -1.57      75.00
 10   2      31.53       9.88
 10   3       1.74     -40.65
 10   4       0.62      12.64
 10   5    -116.52      -6.05
 10   6      30.83      99.06
 10   7       2.36      73.15
 10   8      13.21     -54.97
 10   9     186.36    -163.02
 10  10      14.52     -34.72
 11   0    -112.81       0.00
 11   1      68.45     -14.85
 11   2      -7.56     -50.40
 11   3      50.15     -63.93
 11   4     -13.27      -2.39
 11   5      -8.47      62.69
 11   6      38.08      42.75
 11   7     -26.58      31.18
 11   8     -54.09     -60.67
 11   9      42.41    -144.58
 11  10      36.91     -36.38
 11  11     -42.82      16.90
 12   0     -24.71       0.00
 12   1      40.43     -43.39
 12   2     -21.33      21.16
 12   3      28.62     -19.01
 12   4      33.54     -23.15
 12   5      -5.25     -42.46
 12   6      47.79      88.98
 12   7     -18.98      85.49
 12   8    -115.59      95.68
 12   9     -35.75     -42.39
 12  10     132.21       9.13
 12  11     109.50       7.16
 12  12    -172.96      59.87
 13   0    -196.18       0.00
 13   1       6.55      83.67
 13   2       3.57      13.66
 13   3      26.01      -4.06
 13   4      56.29     -18.76
 13   5       1.50      20.69
 13   6     -31.85      76.87
 13   7      47.04     -40.96
 13   8     -30.54      31.56
 13   9     -22.34      23.78
 13  10      48.83    -137.40
 13  11       5.44      94.87
 13  12    -160.36     217.20
 13  13     139.54     141.73
 14   0     -21.18       0.00
 14   1     -16.42      16.61
 14   2     -57.18     -23.57
 14   3       9.64       0.68
 14   4      29.19     -29.20
 14   5      25.16      24.32
 14   6      -5.37    -123.44
 14   7      56.02     -75.30
 14   8       4.70      19.06
 14   9     -79.53     -24.03
 14  10      37.30      23.52
 14  11      82.05      77.77
 14  12    -165.56     163.61
 14  13      35.41     310.11
 14  14      81.65     -20.91
 15   0    -196.21       0.00
 15   1     -22.87     -59.55
 15   2      73.36       0.15
 15   3      85.76     -25.76
 15   4      -5.06      10.65
 15   5      15.02       3.25
 15   6     -18.86     -46.91
 15   7     -29.77      46.88
 15   8      20.92       1.51
 15   9      27.19      48.05
 15  10      19.22      40.62
 15  11     133.48      57.00
 15  12      62.61      37.74
 15  13     263.79     140.91
 15  14      70.19    -164.05
 15  15     -19.50     -74.28
 16   0      -6.28       0.00
 16   1       1.90      13.08
 16   2      52.71      11.31
 16   3       1.13     -20.39
 16   4      21.97      -4.60
 16   5     -27.88      39.52
 16   6     -20.33      57.10
 16   7     -24.25       3.94
 16   8      32.82     -44.21
 16   9      40.79      26.12
 16  10     -23.51     -33.08
 16  11     -28.58      22.18
 16  12     129.04     -53.59
 16  13       3.97     -37.83
 16  14      16.36      40.80
 16  15      49.87      54.87
 16  16     -29.17     -35.52
 17   0    -205.10       0.00
 17   1     -30.02     -26.34
 17   2     -11.38     -38.35
 17   3      54.50     -28.94
 17   4      36.47     -17.57
 17   5     -55.00      26.93
 17   6      -0.15     -40.07
 17   7     -15.38     -18.37
 17   8     -47.80      39.70
 17   9     -10.60     -47.73
 17  10      -9.48      36.37
 17  11      -7.64       1.36
 17  12      37.53    -103.37
 17  13     -57.65     -99.85
 17  14      -6.18     -66.50
 17  15     -31.57     -58.68
 17  16    -215.20    -142.94
 17  17     -13.71      43.50
 18   0     -42.69       0.00
 18   1     -18.23     -53.91
 18   2     -35.94      -4.39
 18   3      28.76     -46.49
 18   4      61.98     -40.34
 18   5      -6.87      -8.94
 18   6      -4.60      13.80
 18   7      -3.23      25.58
 18   8     -29.88      23.93
 18   9      -0.07      51.44
 18  10      29.21      72.57
 18  11     -35.75     -12.00
 18  12      18.69      -2.71
 18  13     -21.93     -84.09
 18  14      -0.11     106.79
 18  15      45.85     117.98
 18  16    -121.55     -92.20
 18  17    -146.21      43.23
 18  18     -36.70      20.49
 19   0    -154.46       0.00
 19   1     -76.78     -30.17
 19   2      12.64      18.31
 19   3      58.31     -41.31
 19   4      31.67      -7.25
 19   5      18.25      35.80
 19   6      -5.12      55.21
 19   7      21.16     -36.63
 19   8      10.16     -36.18
 19   9     -43.88       1.28
 19  10      -2.39     -15.77
 19  11     -21.52      15.47
 19  12     -95.39      87.47
 19  13     -28.33     -59.03
 19  14      30.32      88.17
 19  15       9.75      76.54
 19  16    -175.65     -31.28
 19  17     -28.50     147.57
 19  18      68.66      -8.44
 19  19      55.01      77.20
 20   0      -4.13       0.00
 20   1     -40.91     -18.68
 20   2      -1.62      -0.03
 20   3       5.90      -0.95
 20   4      29.62     -24.91
 20   5     -13.50      18.61
 20   6      -5.44      -3.87
 20   7       9.73     -61.09
 20   8      21.65     -19.52
 20   9     -35.57     -44.78
 20  10     -15.41     -24.56
 20  11      23.47       8.45
 20  12     -73.38      53.10
 20  13      73.69      96.07
 20  14      58.46     -12.39
 20  15     -20.53      73.52
 20  16       2.56      79.47
 20  17     -65.08      69.07
 20  18     -30.98     -27.65
 20  19      -0.06      62.60
 20  20      37.00     -37.99
 21   0     -36.42       0.00
 21   1     -84.91     -92.24
 21   2      -9.65       4.39
 21   3      61.18     -17.42
 21   4      26.44     -10.93
 21   5       4.10      25.08
 21   6      -6.76     -24.82
 21   7     -33.43      16.40
 21   8       7.64      -2.81
 21   9      31.73     -26.14
 21  10      13.48      11.84
 21  11       0.93      10.96
 21  12      33.60     -26.23
 21  13      52.05      76.33
 21  14      23.80      -4.70
 21  15      56.66      26.04
 21  16      83.42     106.62
 21  17      48.19     -31.52
 21  18      88.00     -38.60
 21  19      79.04     116.87
 21  20     137.06     -74.22
 21  21     -43.76     -18.86
 22   0       2.15       0.00
 22   1     -20.93     -46.49
 22   2      24.09       9.57
 22   3      16.32     -15.22
 22   4      57.94     -34.55
 22   5     -10.97      29.18
 22   6     -14.12       8.97
 22   7     -10.48       0.72
 22   8       6.09      13.65
 22   9       7.23      19.57
 22  10      10.77     -35.33
 22  11      -1.93      -8.51
 22  12      26.43     -62.30
 22  13     -58.87     -33.38
 22  14     -17.51     -11.81
 22  15      -9.37      -8.96
 22  16     -25.09      63.43
 22  17      56.02     -38.27
 22  18     -65.35      15.31
 22  19     -77.81      47.53
 22  20     119.21     -92.70
 22  21      -7.16     -58.42
 22  22       2.98     -14.64
 23   0     126.31       0.00
 23   1     -77.74     -60.65
 23   2     -34.82       1.51
 23   3      27.38     -14.90
 23   4      42.68     -12.19
 23   5     -24.31      42.65
 23   6     -16.63       1.23
 23   7       4.76     -20.69
 23   8     -17.36       7.32
 23   9     -17.42      -3.05
 23  10       4.52     -11.98
 23  11      18.73      -8.62
 23  12      18.12     -25.41
 23  13     -40.95     -55.83
 23  14       1.63     -16.74
 23  15      -4.15     -23.13
 23  16     -14.91     -30.47
 23  17      35.72     -20.06
 23  18     -35.01      55.38
 23  19      -6.50      -9.86
 23  20     108.80     -49.46
 23  21    -109.03     -63.61
 23  22     -60.27      27.70
 23  23     -24.27      30.80
 24   0      -1.30       0.00
 24   1     -39.69     -35.12
 24   2       4.10      -5.21
 24   3       0.16      -6.51
 24   4      52.48     -33.42
 24   5     -15.02      22.58
 24   6      -9.11       0.46
 24   7      -5.35     -20.30
 24   8       7.22      -8.16
 24   9     -13.95      18.87
 24  10       8.51      29.67
 24  11     -10.78      -7.88
 24  12      -3.74      36.13
 24  13     -12.69     -38.43
 24  14      -7.30      32.50
 24  15       0.45       5.42
 24  16     -61.93     -64.42
 24  17     -20.38      49.74
 24  18     -17.64      33.78
 24  19     -60.62     -34.13
 24  20     -46.60     -25.83
 24  21     -30.04     -80.20
 24  22       7.84      31.78
 24  23       1.44      50.59
 24  24       8.38       9.79
 25   0     277.11       0.00
 25   1     -45.35     -47.58
 25   2     -41.88      24.68
 25   3      -0.44       4.53
 25   4      27.06      -7.76
 25   5       1.45      44.94
 25   6      -6.57       2.93
 25   7     -11.95     -22.71
 25   8       9.97     -10.74
 25   9     -15.86      -5.48
 25  10      -6.59       8.79
 25  11      10.22      -7.22
 25  12     -34.11      27.74
 25  13       9.43      -9.02
 25  14       8.62      19.50
 25  15     -21.15       8.96
 25  16     -30.04     -11.68
 25  17     -32.17      41.94
 25  18      -8.31      48.65
 25  19     -68.36       1.22
 25  20     -91.73      13.70
 25  21     -14.46      19.80
 25  22     -57.08      54.91
 25  23     -39.13      73.97
 25  24      64.78      41.71
 25  25       4.94     -26.67
 26   0      43.88       0.00
 26   1     -19.32     -19.99
 26   2      23.46       4.39
 26   3      -1.78      16.16
 26   4      38.39     -25.60
 26   5     -19.39      31.86
 26   6     -23.04      10.09
 26   7      -7.24     -32.51
 26   8      16.14      -2.48
 26   9     -12.05      -4.84
 26  10      -7.68     -24.99
 26  11       6.69      -7.53
 26  12     -12.46     -10.60
 26  13      36.88      28.85
 26  14       9.11     -34.12
 26  15      -7.95       3.69
 26  16      70.58      24.69
 26  17     -10.07      10.41
 26  18      28.02     -23.09
 26  19      17.80      10.31
 26  20     -73.03      14.53
 26  21      15.42       9.69
 26  22      47.20      17.29
 26  23      47.04     -13.74
 26  24     -16.62      28.26
 26  25     -33.29      21.01
 26  26       6.85      21.99
 27   0     382.76       0.00
 27   1       9.45      -8.37
 27   2     -48.17      14.43
 27   3     -45.39      22.32
 27   4      22.45      -8.40
 27   5     -16.11      51.67
 27   6     -15.67      -3.57
 27   7     -11.39     -13.11
 27   8      -0.77      -3.52
 27   9       5.57     -15.87
 27  10       0.31      -2.32
 27  11      -4.10      -7.13
 27  12      29.69     -19.48
 27  13      -7.72      12.91
 27  14      15.03      -3.67
 27  15      13.24      19.05
 27  16       6.84      32.34
 27  17      25.39     -34.34
 27  18      30.00      -7.90
 27  19     -13.05      35.99
 27  20     -16.44     -21.57
 27  21      -2.41      21.74
 27  22      17.01      -3.79
 27  23     -21.18      22.15
 27  24      51.24      24.58
 27  25      37.88     -45.29
 27  26     -16.86     -41.07
 27  27      -3.17     -16.48
 28   0      50.04       0.00
 28   1       4.83       9.55
 28   2      14.91      -6.01
 28   3     -17.03      21.66
 28   4      22.57     -13.17
 28   5     -19.96      28.98
 28   6     -18.93       9.14
 28   7     -11.56     -30.13
 28   8      11.50      -3.91
 28   9      -6.57      13.01
 28  10       2.48      -2.22
 28  11     -11.80     -14.97
 28  12       7.82      -8.42
 28  13     -37.98     -19.52
 28  14      -2.73      -9.01
 28  15      -8.50      -8.69
 28  16     -25.43       4.79
 28  17      22.27     -21.81
 28  18     -18.36       8.64
 28  19       4.82      25.96
 28  20      60.42     -23.16
 28  21       0.35     -17.62
 28  22      12.24     -10.61
 28  23      20.20     -59.69
 28  24      -6.09      16.88
 28  25     -29.76      14.82
 28  26      -2.42      42.45
 28  27      16.87     -28.59
 28  28     -10.71     -21.94
 29   0     381.02       0.00
 29   1      65.26      50.40
 29   2     -33.64      16.77
 29   3     -86.14      41.94
 29   4       0.10      -0.23
 29   5     -12.21      53.65
 29   6     -16.68      -0.92
 29   7     -13.69     -31.75
 29   8       3.08      -7.54
 29   9     -12.95      -6.01
 29  10      -2.55       1.04
 29  11      11.06     -13.51
 29  12      -5.41      -1.27
 29  13      -9.69     -28.26
 29  14      -2.47      -4.34
 29  15      -5.59       9.44
 29  16     -27.37      -6.74
 29  17       1.69       8.31
 29  18       3.92      22.04
 29  19      19.75      -7.55
 29  20      39.27     -10.33
 29  21     -16.41     -32.33
 29  22      10.29      -3.09
 29  23       4.06     -47.72
 29  24       6.59     -29.25
 29  25      39.36     -28.59
 29  26     -10.73     -45.53
 29  27     -15.47       3.51
 29  28     -42.37      -1.38
 29  29       0.74      21.40