Solar Photospheric Field Harmonic Coefficients
Spherical harmonic coefficients are computed from WSO field observations using radial photospheric field boundary conditions.
WSO Data Use Policy
Coefficients order=29 center=CT1972:180
Coefficients for 360 degrees 
  Beginning: CT1971:000  2001:01:17_11h:21m:20s. 
  Centered:  CT1972:180  2001:01:31_02h:39m:31s. 
  End time:  CT1972:005  2001:02:13_08h:52m:12s.

Max Harmonic Order:29   Units: microTesla (0.01G)

  l   m      g(uT)      h(uT)

  0   0     -47.77       0.00
  1   0    -100.15       0.00
  1   1     -42.08     -32.05
  2   0    -192.58       0.00
  2   1      20.68     -11.50
  2   2       0.99     -21.52
  3   0    -137.11       0.00
  3   1     -23.51     -73.69
  3   2      -5.37    -101.62
  3   3      81.93     -19.47
  4   0    -170.21       0.00
  4   1     -36.70      17.17
  4   2      23.48      90.89
  4   3     -45.34      50.07
  4   4     -15.05     134.78
  5   0     -12.06       0.00
  5   1     -62.93     166.40
  5   2     -19.13      89.06
  5   3      25.86     -17.14
  5   4     -59.05     -20.20
  5   5       2.48     -36.55
  6   0     -87.88       0.00
  6   1     -23.05      38.37
  6   2     -15.61    -124.22
  6   3     -66.71      61.19
  6   4      40.75     -87.90
  6   5     110.78     -11.50
  6   6      46.53     163.57
  7   0      44.71       0.00
  7   1      -7.91       0.08
  7   2     -17.56    -110.96
  7   3     -78.17     -44.48
  7   4      45.46     -18.49
  7   5      41.10      21.25
  7   6     175.13    -132.82
  7   7     -98.69    -109.42
  8   0      47.59       0.00
  8   1     -31.95     -50.05
  8   2     -71.65     -89.95
  8   3     198.28    -132.48
  8   4     -33.62     -25.25
  8   5      44.65     -47.89
  8   6      13.65      93.53
  8   7     -53.47     -15.31
  8   8      24.35      -0.98
  9   0      28.47       0.00
  9   1       4.05     102.41
  9   2       3.73      36.94
  9   3     122.50     -15.56
  9   4       2.67      20.91
  9   5     -33.46      -2.10
  9   6     -32.99     -10.59
  9   7      26.20     -93.01
  9   8      38.11     -72.53
  9   9      54.49    -304.20
 10   0      81.58       0.00
 10   1     -43.41      72.89
 10   2     -29.00      68.39
 10   3     -34.63     -13.87
 10   4     -72.98      88.87
 10   5     -98.91      35.36
 10   6       6.42     -33.88
 10   7     -25.67     -86.45
 10   8     146.51     -49.05
 10   9       9.76     -27.58
 10  10     127.43    -130.23
 11   0      33.86       0.00
 11   1     -39.16     -14.09
 11   2      -1.52     -13.77
 11   3     -18.72     -21.02
 11   4     -57.54      -6.85
 11   5     -11.08     -10.58
 11   6     -17.40       5.91
 11   7       1.71      71.99
 11   8      87.55     -21.17
 11   9      76.77     -21.66
 11  10     114.07      -9.26
 11  11     151.84     -16.72
 12   0     254.13       0.00
 12   1      12.08     -41.34
 12   2     -63.66    -158.08
 12   3      93.03     -67.31
 12   4     128.31     -42.26
 12   5      70.57     -15.28
 12   6      66.31     -16.05
 12   7      -7.12      74.95
 12   8     -69.96     -61.90
 12   9      28.49      51.72
 12  10     -44.49    -111.23
 12  11     -51.72      14.75
 12  12    -175.53     129.84
 13   0     117.32       0.00
 13   1      11.23      54.66
 13   2      13.60     -92.07
 13   3      88.56     -46.95
 13   4      40.63     -51.90
 13   5     101.95     -44.92
 13   6      29.28     -27.62
 13   7      74.27     -17.58
 13   8     -77.60      36.53
 13   9     -78.89     129.20
 13  10    -172.56      68.27
 13  11     -88.58     -38.00
 13  12      23.66     102.33
 13  13     -80.82     224.22
 14   0     205.13       0.00
 14   1     -17.03      29.68
 14   2     -31.97      16.70
 14   3      82.83     -60.48
 14   4     -95.25      32.87
 14   5       4.48      11.60
 14   6     -68.32     -24.55
 14   7      25.03     -18.45
 14   8     -30.17     108.18
 14   9      -7.51     -50.72
 14  10     -36.08      77.76
 14  11      32.47    -135.86
 14  12     143.30      85.00
 14  13    -254.87     -88.72
 14  14      34.58     -95.58
 15   0     135.62       0.00
 15   1     -15.81     -30.08
 15   2     -26.22      94.64
 15   3      12.79     -22.43
 15   4     -44.14     137.49
 15   5     -23.54      21.56
 15   6      80.62     -32.43
 15   7     -46.28       9.10
 15   8      -8.27      46.57
 15   9      40.69     -69.26
 15  10      24.35     -50.33
 15  11      64.11     -51.40
 15  12      12.51     -88.26
 15  13     -36.94    -114.51
 15  14      18.59     104.32
 15  15    -182.88      29.76
 16   0     272.51       0.00
 16   1      28.34     -23.35
 16   2     -37.06     -55.81
 16   3      44.00     -76.83
 16   4      19.14      -8.57
 16   5     -11.79     -49.78
 16   6      56.44     -24.99
 16   7       6.79     -80.96
 16   8      19.95     -47.13
 16   9     -16.72     -27.06
 16  10      50.59      -6.48
 16  11     -34.73      93.14
 16  12      70.94     -16.91
 16  13      74.36      98.31
 16  14     -24.70      -6.28
 16  15      42.13    -141.10
 16  16     188.34      13.43
 17   0     145.58       0.00
 17   1      22.29     -44.30
 17   2      10.50    -102.38
 17   3      69.27     -29.35
 17   4      -4.90     -97.00
 17   5      11.85      -6.44
 17   6     -81.14     -36.11
 17   7      29.06     -16.23
 17   8      31.38     -10.87
 17   9     -18.14      29.55
 17  10     106.38      24.79
 17  11     -10.22      76.55
 17  12      50.52      31.37
 17  13     -59.58      82.09
 17  14      13.96     -94.56
 17  15     -36.30      26.02
 17  16     -75.28     -11.98
 17  17    -116.37    -191.58
 18   0     260.70       0.00
 18   1      14.96       8.30
 18   2     -26.80     -52.12
 18   3     118.74     -67.37
 18   4      47.44      26.70
 18   5       4.14      30.31
 18   6      28.96     -18.26
 18   7       3.75      29.14
 18   8      -8.79      -1.33
 18   9      30.74      49.12
 18  10     -31.31       5.12
 18  11      64.92     -17.11
 18  12     -71.06     -12.85
 18  13     -30.15     -83.76
 18  14     -31.32     -85.95
 18  15    -115.60      43.05
 18  16     -58.36     -23.11
 18  17      79.95      48.91
 18  18      78.34     173.60
 19   0      89.59       0.00
 19   1      36.30     -61.53
 19   2      -6.73      41.61
 19   3      52.69     -44.87
 19   4     -27.21      81.16
 19   5      57.41     -22.64
 19   6      55.26     -15.03
 19   7      43.49      12.56
 19   8     -26.30      61.80
 19   9     -13.22     -14.38
 19  10    -102.90       3.61
 19  11      23.94       3.07
 19  12     -64.54     -41.30
 19  13      51.63     -30.07
 19  14     -70.43      26.75
 19  15      64.63     -53.98
 19  16       5.62      99.56
 19  17     -62.60      21.09
 19  18     100.34     -57.70
 19  19      95.08       1.12
 20   0     128.19       0.00
 20   1      46.76     -41.80
 20   2      12.70      42.12
 20   3      67.37     -78.62
 20   4     -44.73      26.73
 20   5      16.30     -40.90
 20   6     -33.37     -21.80
 20   7      -1.30     -34.08
 20   8     -28.96      22.29
 20   9     -18.00     -43.90
 20  10     -33.97      -7.10
 20  11     -40.88      27.54
 20  12       7.92     -16.18
 20  13      62.90      54.94
 20  14       9.84      52.25
 20  15     170.46     -32.99
 20  16      18.09      94.16
 20  17    -180.24     -87.22
 20  18     126.25    -105.58
 20  19    -115.83     136.89
 20  20    -127.91    -154.46
 21   0      49.87       0.00
 21   1      37.31     -94.31
 21   2       0.59     -17.10
 21   3      28.99     -26.96
 21   4      -6.31      -0.26
 21   5      13.95       4.12
 21   6      -9.66     -47.34
 21   7     -12.39      12.48
 21   8     -11.16      29.10
 21   9      11.50     -28.49
 21  10      58.75      27.23
 21  11      18.41      -9.16
 21  12      37.99      26.90
 21  13      -1.86      -8.19
 21  14      44.43      -3.43
 21  15     -44.83      20.99
 21  16       3.37      18.72
 21  17      -9.02      11.26
 21  18     -50.05     -26.72
 21  19      -2.93     125.44
 21  20     -40.24      68.37
 21  21     -34.67      15.44
 22   0     -27.81       0.00
 22   1      46.62       5.66
 22   2      15.79      -0.93
 22   3      49.36     -40.51
 22   4      29.52       0.08
 22   5     -10.19      10.48
 22   6      38.69     -25.64
 22   7       9.34     -40.20
 22   8      -7.53     -36.14
 22   9      17.18      -6.09
 22  10      21.96     -12.53
 22  11      38.17     -16.84
 22  12      50.69     -23.76
 22  13     -25.91     -34.80
 22  14      -1.42       4.34
 22  15    -169.88      -7.74
 22  16      -4.64     -25.46
 22  17      17.20      69.70
 22  18     -60.71     -30.51
 22  19     192.00     -32.55
 22  20     -21.27      82.82
 22  21     -54.66    -189.11
 22  22      94.33      26.87
 23   0     -57.93       0.00
 23   1      53.50     -71.40
 23   2      -1.26      20.71
 23   3      49.03     -23.75
 23   4     -30.96      29.79
 23   5      43.48     -16.99
 23   6       6.60     -25.35
 23   7      26.79     -12.42
 23   8       4.90      34.16
 23   9     -26.78      25.92
 23  10      -9.99     -27.56
 23  11       1.83      41.91
 23  12     -38.97     -36.70
 23  13     -21.74      31.11
 23  14     -56.93       7.44
 23  15       6.01      -1.20
 23  16       1.61     -20.62
 23  17     -11.54     -26.93
 23  18     -57.69     -80.76
 23  19      55.15      -4.33
 23  20     -28.22      -1.77
 23  21     -86.85     -61.70
 23  22      41.56     -63.34
 23  23     -64.54      64.61
 24   0    -251.16       0.00
 24   1      38.28     -27.97
 24   2      69.73      74.92
 24   3      41.24     -35.66
 24   4       0.10      31.47
 24   5      13.00     -26.27
 24   6      -3.95     -40.00
 24   7       1.95      -7.18
 24   8      -6.72       0.02
 24   9       4.32       8.75
 24  10     -18.56      17.78
 24  11     -12.85      43.37
 24  12     -23.67       0.78
 24  13      29.60      27.83
 24  14       5.34     -21.53
 24  15     117.86     -18.71
 24  16     -10.30      -7.72
 24  17      -7.38     -75.72
 24  18      15.59       4.00
 24  19     -79.03     -52.40
 24  20     -23.32      49.52
 24  21     -47.79      49.13
 24  22      32.78     -29.18
 24  23      39.97      66.62
 24  24      12.30     130.19
 25   0    -167.76       0.00
 25   1      43.26     -57.61
 25   2       6.16      31.35
 25   3     -17.43      -6.14
 25   4     -17.47      14.22
 25   5      44.20      -5.39
 25   6      -7.34     -40.82
 25   7       5.29      10.40
 25   8     -15.18      29.69
 25   9      11.10     -38.36
 25  10     -17.92      33.09
 25  11      28.26      -5.56
 25  12       5.69      14.87
 25  13      -5.86     -36.56
 25  14      24.33     -18.87
 25  15      11.41      -4.72
 25  16       5.85      10.09
 25  17      -1.42      13.00
 25  18      26.26      61.96
 25  19      16.37       4.28
 25  20      25.52       3.44
 25  21     -12.53      -5.84
 25  22      71.08      -3.05
 25  23      32.16      16.90
 25  24      47.76      -6.34
 25  25       1.46     -14.05
 26   0    -447.62       0.00
 26   1      16.14      -0.28
 26   2      72.88      88.23
 26   3     -32.24      30.64
 26   4      -1.67      10.41
 26   5       3.16     -12.68
 26   6      12.50     -32.89
 26   7       3.15     -43.19
 26   8     -20.02     -16.46
 26   9       7.53     -14.44
 26  10       9.39     -26.73
 26  11      19.03      -9.08
 26  12      -1.54     -34.15
 26  13     -24.81     -28.58
 26  14       1.28      12.13
 26  15     -71.03      12.69
 26  16      11.45      38.63
 26  17      28.99      34.98
 26  18      18.11      13.17
 26  19      72.99      33.06
 26  20     -16.32      10.91
 26  21      28.87     -62.75
 26  22       8.83       8.82
 26  23     -48.76     -13.48
 26  24      15.04     -33.65
 26  25     -25.59     117.06
 26  26     -51.71     -38.65
 27   0    -271.15       0.00
 27   1      19.09       8.14
 27   2      10.70      35.48
 27   3     -24.45      20.31
 27   4     -13.55      14.31
 27   5      52.49     -17.69
 27   6       7.34     -57.12
 27   7      15.67       3.82
 27   8      -2.20      32.77
 27   9     -11.48      -3.11
 27  10      11.96      -7.23
 27  11      -1.41      22.91
 27  12     -19.59     -27.45
 27  13       1.73      34.80
 27  14     -17.43      16.59
 27  15      -5.48       2.73
 27  16       6.42      18.86
 27  17     -11.67     -21.60
 27  18     -22.55     -23.22
 27  19     -40.35       5.02
 27  20     -32.01      -0.02
 27  21     -18.87      20.83
 27  22       4.93      55.61
 27  23     -29.62      -7.37
 27  24      32.41      -6.05
 27  25      -6.66      47.81
 27  26      17.59     -24.32
 27  27      93.66      -0.58
 28   0    -540.82       0.00
 28   1     -15.92       2.27
 28   2      80.55      93.81
 28   3     -81.88      72.25
 28   4       0.69       9.42
 28   5       9.26     -21.58
 28   6      13.67     -52.53
 28   7       2.02     -29.08
 28   8     -12.51     -14.96
 28   9      10.48      -3.05
 28  10      -3.04       3.67
 28  11      -1.34      18.28
 28  12      19.91       7.46
 28  13      28.64      11.88
 28  14      11.59      -6.42
 28  15      26.89     -25.78
 28  16     -15.46     -14.83
 28  17     -58.26     -35.98
 28  18     -34.53      -8.39
 28  19     -57.87      -6.64
 28  20       9.22     -28.83
 28  21     -22.55      36.91
 28  22      -1.27      -4.78
 28  23       1.03      42.08
 28  24     -42.73     -38.64
 28  25      14.47     -62.66
 28  26      -4.32     -24.27
 28  27     -59.60     -44.63
 28  28      57.41     -77.12
 29   0    -295.38       0.00
 29   1     -23.88      61.86
 29   2      13.99      41.59
 29   3     -74.94      50.53
 29   4      -7.85      -3.46
 29   5      52.88     -15.86
 29   6      -1.56     -63.67
 29   7      13.39       3.53
 29   8     -13.44      29.39
 29   9      -0.82     -12.31
 29  10     -11.83       6.53
 29  11      22.83       6.83
 29  12     -12.80      -1.76
 29  13      -8.34     -21.26
 29  14       3.30      -8.97
 29  15      -8.08       5.33
 29  16      -2.13      -3.78
 29  17      -3.84      17.52
 29  18     -13.24      -2.25
 29  19      41.84     -24.30
 29  20      10.57       2.29
 29  21       5.33      -7.40
 29  22       8.23     -38.14
 29  23     -19.16     -16.21
 29  24     -68.77     -16.10
 29  25      22.84     -25.33
 29  26     -49.54      35.38
 29  27     -68.66     -27.40
 29  28      -8.81      -3.41
 29  29       6.56      16.57