Solar Photospheric Field Harmonic Coefficients
Spherical harmonic coefficients are computed from WSO field observations using radial photospheric field boundary conditions.
WSO Data Use Policy
Coefficients order=29 center=CT2014:180
Coefficients for 360 degrees 
  Beginning: CT2013:000  2004:03:08_00h:49m:03s. 
  Centered:  CT2014:180  2004:03:21_16h:07m:15s. 
  End time:  CT2014:005  2004:04:03_22h:19m:55s.

Max Harmonic Order:29   Units: microTesla (0.01G)

  l   m      g(uT)      h(uT)

  0   0       8.79       0.00
  1   0     -90.74       0.00
  1   1     -34.27      24.49
  2   0      45.57       0.00
  2   1       2.39      -2.38
  2   2     -27.49     -16.39
  3   0    -153.05       0.00
  3   1      70.09     -17.47
  3   2      25.02     -15.31
  3   3     -29.92      11.18
  4   0      40.08       0.00
  4   1     -11.79     -14.47
  4   2      13.39      23.96
  4   3     -61.10     -66.39
  4   4      27.62      50.83
  5   0    -123.22       0.00
  5   1     -41.42     -68.86
  5   2     -30.14      21.57
  5   3      13.00      20.36
  5   4      45.53     -14.59
  5   5     145.53     -81.97
  6   0      40.07       0.00
  6   1       9.75     -48.24
  6   2      12.61      -2.82
  6   3      57.08      77.23
  6   4       7.44     -19.71
  6   5     -82.04      95.86
  6   6      52.96    -193.79
  7   0      25.12       0.00
  7   1       6.26     -77.57
  7   2      -8.38     -41.09
  7   3      69.78     -14.09
  7   4     -27.35      62.07
  7   5      -7.96       8.71
  7   6     -86.52     142.28
  7   7    -134.29      85.73
  8   0     -42.24       0.00
  8   1     -11.56     -21.48
  8   2     -44.31     -61.03
  8   3     -69.64     -71.52
  8   4     -48.09     -54.21
  8   5      58.25     -96.31
  8   6     -17.77      37.25
  8   7      23.69     103.14
  8   8    -172.53      75.12
  9   0      68.28       0.00
  9   1      17.40      26.13
  9   2      -9.78      24.99
  9   3    -106.13     -19.29
  9   4      60.76     -66.45
  9   5     -79.28      34.16
  9   6      68.84    -115.13
  9   7      41.12      -9.89
  9   8      76.82     -17.56
  9   9      62.35      29.72
 10   0       1.95       0.00
 10   1      -0.01     -28.71
 10   2       4.60      35.41
 10   3      59.51      69.61
 10   4      32.40      64.83
 10   5     -11.71      25.31
 10   6     -36.05      44.25
 10   7      -7.32    -119.13
 10   8     -16.86       9.29
 10   9     -34.79    -168.30
 10  10     140.55     -94.46
 11   0      58.74       0.00
 11   1     -10.19     -99.39
 11   2     -25.39     -39.08
 11   3      61.51      15.51
 11   4     -21.54      -8.21
 11   5     121.17     -22.02
 11   6     -39.89      38.18
 11   7      -9.25     -19.56
 11   8     -68.95     -35.65
 11   9     -43.49     -55.63
 11  10    -183.46     -79.12
 11  11     119.55      11.03
 12   0     -55.79       0.00
 12   1      -5.08      26.38
 12   2     -16.51     -61.36
 12   3     -87.57     -27.68
 12   4      -7.50      -9.47
 12   5     -32.21      11.25
 12   6       9.85     -45.23
 12   7     -31.53      57.08
 12   8     117.57     -19.80
 12   9      29.58     110.36
 12  10      62.01      24.61
 12  11    -155.94     -74.62
 12  12      59.38    -104.68
 13   0     215.57       0.00
 13   1       5.43      28.45
 13   2      23.39      17.86
 13   3     -19.43     -15.19
 13   4      13.61      48.23
 13   5     -73.20     -21.93
 13   6     -32.75      35.68
 13   7       5.36      31.85
 13   8      15.04      48.02
 13   9      28.27      66.52
 13  10      83.56      67.42
 13  11      85.80     -30.11
 13  12      19.57     100.24
 13  13      68.88      79.00
 14   0     -71.74       0.00
 14   1       9.37     -59.79
 14   2     -21.04       2.30
 14   3      42.71      -4.13
 14   4      -2.38     -23.10
 14   5      96.73     -15.78
 14   6       6.55      47.91
 14   7      11.55      32.69
 14   8    -135.88      41.04
 14   9       8.51     -23.49
 14  10     -99.99     -21.61
 14  11      61.38      45.30
 14  12     169.05      50.20
 14  13      -1.42     165.43
 14  14    -208.05     -46.09
 15   0     149.68       0.00
 15   1      -5.35       8.20
 15   2     -52.92     -25.65
 15   3      -8.00       5.87
 15   4      47.40     -59.27
 15   5      25.81       8.95
 15   6      76.43     -60.82
 15   7      -7.40     -29.49
 15   8       0.34     -31.25
 15   9      -9.33     -46.59
 15  10      19.55      -8.22
 15  11    -116.47      12.66
 15  12     -48.74     -87.26
 15  13    -100.14       2.75
 15  14      65.55       5.06
 15  15     142.23      36.76
 16   0     -47.15       0.00
 16   1      -9.50      54.99
 16   2       6.57      -8.73
 16   3     -58.21      22.17
 16   4     -13.06      19.25
 16   5     -73.13       3.41
 16   6     -28.53      14.56
 16   7     -14.97     -62.87
 16   8      63.72     -10.12
 16   9      24.74     -61.88
 16  10      67.24      12.53
 16  11      33.89      -6.60
 16  12    -166.08     -26.64
 16  13      36.35     -20.92
 16  14     -66.76     -27.29
 16  15    -143.10       4.71
 16  16     -96.28     144.65
 17   0     229.85       0.00
 17   1       4.32       0.82
 17   2      21.84       1.76
 17   3      13.25      -6.47
 17   4      -2.76      49.93
 17   5      48.27       2.48
 17   6     -65.62      65.93
 17   7       5.85      31.05
 17   8      -7.55     -17.60
 17   9      -1.19      46.28
 17  10     -65.26     -46.98
 17  11      44.36     -20.90
 17  12      41.48      52.26
 17  13      61.99     -26.76
 17  14     -33.00      12.33
 17  15     -37.32      73.73
 17  16    -185.94    -252.48
 17  17     149.40     -48.84
 18   0     -79.97       0.00
 18   1       8.37      14.38
 18   2     -25.03     -31.89
 18   3       8.16      -0.40
 18   4      11.65     -20.51
 18   5      66.62     -20.77
 18   6      19.25     -24.02
 18   7       2.17      65.26
 18   8      15.96      -0.38
 18   9      -4.82      61.96
 18  10     -15.69       7.51
 18  11     -53.15     -11.33
 18  12      99.28      10.45
 18  13     -56.49     -79.56
 18  14      41.98      34.26
 18  15      61.78     -12.99
 18  16      23.66      41.68
 18  17     -36.12    -140.95
 18  18      95.76       1.70
 19   0     122.86       0.00
 19   1      -4.69     100.49
 19   2     -16.79      -0.92
 19   3     -37.44     -12.05
 19   4      27.85     -21.17
 19   5     -52.80      -8.92
 19   6      55.71     -20.53
 19   7      -9.32      -9.54
 19   8     -20.16      -4.00
 19   9      11.10     -10.87
 19  10      55.95      31.56
 19  11       6.74      -8.14
 19  12       9.57     -18.48
 19  13      -9.99      52.12
 19  14      10.25     -10.10
 19  15      11.81     -49.96
 19  16     -41.04      58.71
 19  17     177.47      36.90
 19  18     -70.44      62.29
 19  19      29.21     -33.58
 20   0     -11.09       0.00
 20   1       4.63      30.14
 20   2      17.16      28.34
 20   3     -29.39      -6.13
 20   4      -0.81      22.95
 20   5       5.77       8.62
 20   6     -26.65      46.71
 20   7      -7.73     -22.06
 20   8     -42.39      10.02
 20   9      17.49     -53.53
 20  10     -47.65     -14.94
 20  11      36.92      21.51
 20  12       4.38       5.25
 20  13      56.18     113.34
 20  14     -10.87     -21.84
 20  15     -27.77      16.78
 20  16      21.30     -12.90
 20  17     -17.85     -26.34
 20  18      58.61       9.03
 20  19      63.17     -25.84
 20  20       5.05      35.90
 21   0      48.59       0.00
 21   1      -5.70      45.23
 21   2       4.26      -3.06
 21   3      33.50       9.49
 21   4      31.16      -5.35
 21   5      64.91      -8.86
 21   6      -3.35       3.28
 21   7       1.88       0.03
 21   8      24.64      -0.23
 21   9     -13.10       0.68
 21  10     -19.24     -12.00
 21  11     -46.68       0.41
 21  12     -14.80      14.71
 21  13     -20.58     -28.45
 21  14      -5.55      -5.85
 21  15      11.56      17.01
 21  16     121.77      62.71
 21  17    -116.69       7.38
 21  18       7.47      -1.37
 21  19      34.15     -35.40
 21  20      83.72     106.88
 21  21      -5.28     124.75
 22   0      -6.54       0.00
 22   1       3.74      56.98
 22   2      -2.81      -8.09
 22   3      -9.10      17.79
 22   4      -9.70     -15.75
 22   5       6.85      -9.98
 22   6       5.81      -9.44
 22   7       5.65       3.36
 22   8      46.24     -18.74
 22   9      14.72       6.54
 22  10      33.75       7.77
 22  11      -7.81      -2.88
 22  12     -46.42     -12.47
 22  13     -26.76     -69.63
 22  14     -11.63      -5.32
 22  15       9.31       2.06
 22  16     -47.45     -10.08
 22  17      28.97     110.99
 22  18     -31.17     -31.30
 22  19      -3.32       2.95
 22  20      -2.15     135.88
 22  21     -72.27    -150.71
 22  22     -42.90      65.96
 23   0     -92.31       0.00
 23   1      -8.58      87.79
 23   2      14.21      13.23
 23   3     -27.52     -14.48
 23   4      23.31      16.41
 23   5     -11.53      -1.13
 23   6      10.39      29.45
 23   7      -2.60      15.48
 23   8     -38.47     -11.87
 23   9      -0.67      17.80
 23  10     -17.72     -18.77
 23  11      36.62     -15.29
 23  12      23.88     -17.67
 23  13      29.71      21.48
 23  14      14.10      10.84
 23  15     -14.50      21.44
 23  16    -126.06     -64.73
 23  17      12.45     -28.50
 23  18      30.96     -20.69
 23  19     -34.09      24.11
 23  20      -1.66     -20.36
 23  21    -115.30      60.97
 23  22      31.10    -132.55
 23  23      65.96      -3.34
 24   0      67.52       0.00
 24   1       5.07      31.44
 24   2      21.34      33.48
 24   3      -6.30      -9.47
 24   4       6.21       2.81
 24   5      42.26     -15.81
 24   6      -6.69      13.64
 24   7      -6.32      16.66
 24   8      -4.93       5.14
 24   9      14.89       0.42
 24  10     -26.23       2.82
 24  11     -17.22       1.49
 24  12      60.99      24.06
 24  13       3.03      25.48
 24  14       3.85      10.67
 24  15     -11.00      -7.80
 24  16      28.13      25.68
 24  17      15.09     -85.73
 24  18     -16.90      18.62
 24  19     -16.32      27.71
 24  20      -8.12     -71.49
 24  21      36.07       5.92
 24  22      37.14      66.92
 24  23    -116.50     -32.99
 24  24     -25.14      10.55
 25   0    -263.76       0.00
 25   1      -4.80      50.54
 25   2      15.32       9.80
 25   3      14.69       7.65
 25   4      31.11     -12.20
 25   5      22.20      -5.93
 25   6      23.71      -5.24
 25   7      -6.11      -8.74
 25   8      18.32      -2.35
 25   9      -9.59     -23.17
 25  10      24.36      14.60
 25  11     -23.78       4.17
 25  12     -19.69      18.96
 25  13     -28.76       3.26
 25  14     -24.96      -6.54
 25  15      18.11     -20.47
 25  16      59.14       8.16
 25  17      42.41      34.51
 25  18     -26.04      18.93
 25  19       0.07      -9.26
 25  20     -17.52     -16.75
 25  21      56.25     -25.94
 25  22     -13.48     -43.46
 25  23     -34.47      34.35
 25  24      28.70    -110.48
 25  25      60.47     -34.43
 26   0     106.46       0.00
 26   1       0.01      22.05
 26   2      22.07      26.83
 26   3       6.25       6.05
 26   4      -7.55       1.92
 26   5      17.40      -4.48
 26   6     -12.16      24.13
 26   7       5.75      -4.99
 26   8       4.18      -9.32
 26   9      12.51     -12.14
 26  10      -3.44      -2.74
 26  11      25.25       8.16
 26  12     -33.39     -26.28
 26  13       7.75      11.79
 26  14     -13.39     -14.29
 26  15       8.90      16.57
 26  16     -24.38      -2.62
 26  17     -21.01      34.69
 26  18      19.65      -1.92
 26  19      13.94     -28.63
 26  20      13.71       3.90
 26  21       5.14      28.76
 26  22     -15.48     -17.49
 26  23       0.84     -32.82
 26  24      67.22     -15.85
 26  25      -8.63      15.37
 26  26     -45.99      72.44
 27   0    -368.77       0.00
 27   1      -5.53       7.81
 27   2      25.33      17.47
 27   3      -3.10      -3.03
 27   4      20.30       2.43
 27   5      23.18     -10.82
 27   6      17.95      23.11
 27   7       1.89      12.57
 27   8     -15.24      -6.82
 27   9      -3.14      16.56
 27  10     -21.28     -16.90
 27  11      -4.06      -9.53
 27  12      18.80      -4.22
 27  13      17.11      -2.91
 27  14      11.09      13.77
 27  15     -18.16      17.50
 27  16      -9.86      23.76
 27  17     -52.39     -18.12
 27  18      -3.19      -2.53
 27  19      14.75      -7.99
 27  20      13.98      33.72
 27  21      14.44     -17.20
 27  22       0.94      60.60
 27  23      25.70      -6.69
 27  24     -26.49     -22.14
 27  25      20.21      68.27
 27  26      44.27     -48.94
 27  27      -5.72      37.09
 28   0     129.21       0.00
 28   1      -0.17     -10.94
 28   2      21.95      32.31
 28   3      17.98      -6.87
 28   4      -0.73      -3.53
 28   5      34.38     -13.78
 28   6      -4.90      10.84
 28   7      -2.94      10.84
 28   8      16.15      -5.48
 28   9      14.17      -3.23
 28  10       4.27       5.99
 28  11     -14.17       0.31
 28  12      16.59      15.66
 28  13      -8.62     -13.29
 28  14     -11.54       4.12
 28  15     -14.61     -10.77
 28  16       4.42     -11.72
 28  17      33.53       8.54
 28  18     -12.44      -5.25
 28  19      -7.39      21.52
 28  20       7.22      41.52
 28  21     -12.99     -14.53
 28  22       2.39     -27.55
 28  23      22.25      46.21
 28  24     -15.79      18.11
 28  25      25.08     -18.01
 28  26     -53.54      29.19
 28  27      46.38     -37.27
 28  28       4.91      63.93
 29   0    -387.80       0.00
 29   1       2.62     -50.77
 29   2      22.07      13.90
 29   3       7.61       7.50
 29   4       8.56      -4.18
 29   5      16.90      -5.76
 29   6      27.73      17.48
 29   7      -5.93       0.36
 29   8      -2.35      -4.14
 29   9      -7.86     -11.92
 29  10       6.52       3.63
 29  11       5.91       0.32
 29  12     -10.25       9.30
 29  13      -6.16      12.65
 29  14      -9.92      -4.88
 29  15      14.29      -4.06
 29  16     -20.69     -34.66
 29  17      24.68       5.72
 29  18      12.39      -2.78
 29  19     -20.60       0.30
 29  20       5.07      -9.65
 29  21     -46.56      13.19
 29  22      10.41     -14.42
 29  23       5.62     -22.44
 29  24      15.01      49.20
 29  25     -15.37     -21.30
 29  26      23.87     -10.73
 29  27     -38.94      78.90
 29  28      22.16     -41.36
 29  29     -12.84       5.37