Solar Photospheric Field Harmonic Coefficients
Spherical harmonic coefficients are computed from WSO field observations using radial photospheric field boundary conditions.
WSO Data Use Policy
Coefficients order=29 center=CT2037:180
Coefficients for 360 degrees 
  Beginning: CT2036:000  2005:11:25_08h:45m:40s. 
  Centered:  CT2037:180  2005:12:09_00h:03m:51s. 
  End time:  CT2037:005  2005:12:22_06h:16m:32s.

Max Harmonic Order:29   Units: microTesla (0.01G)

  l   m      g(uT)      h(uT)

  0   0       4.35       0.00
  1   0     -96.93       0.00
  1   1     -25.13      -0.32
  2   0     -17.05       0.00
  2   1     -12.99      -6.40
  2   2      -7.57      55.58
  3   0    -160.58       0.00
  3   1      -5.40       2.30
  3   2      -1.24     -23.76
  3   3      59.69     -38.44
  4   0      13.31       0.00
  4   1      34.65       4.36
  4   2       9.43     -44.92
  4   3     -21.27      14.52
  4   4     -47.79     -69.99
  5   0     -37.77       0.00
  5   1     -62.23      25.65
  5   2      -2.74       7.97
  5   3     -50.97      14.83
  5   4      38.89     -17.17
  5   5      -4.22      48.63
  6   0     -24.48       0.00
  6   1      27.92      -3.41
  6   2     -76.65      45.11
  6   3      30.66     -26.41
  6   4      27.98      42.02
  6   5     -30.75       4.99
  6   6      90.86     -13.83
  7   0     -29.07       0.00
  7   1       7.06      11.14
  7   2      -7.02     -70.35
  7   3      11.07     -14.87
  7   4     -51.11       0.59
  7   5      29.84     -48.57
  7   6       0.42      53.66
  7   7    -127.90     -16.74
  8   0      32.91       0.00
  8   1      -2.90     -58.76
  8   2      -2.14       4.49
  8   3     -49.74       5.35
  8   4     -17.60     -48.62
  8   5      38.08      19.62
  8   6     -60.12      -6.94
  8   7      72.69     -50.87
  8   8     -69.41      81.19
  9   0      61.92       0.00
  9   1     -30.39       7.14
  9   2       8.03     -44.33
  9   3     -26.97       2.60
  9   4      76.55      16.70
  9   5       8.98      21.78
  9   6      53.84     -56.71
  9   7      75.01      57.59
  9   8      31.41     -58.13
  9   9      76.91      38.17
 10   0     -26.48       0.00
 10   1      37.99      22.98
 10   2     -38.57      29.33
 10   3      56.02      -9.82
 10   4     -18.52      55.58
 10   5       1.44     -24.12
 10   6      31.22      37.97
 10   7     -41.30      27.57
 10   8      41.06       7.22
 10   9      -5.86      47.37
 10  10      35.91     -68.99
 11   0      96.47       0.00
 11   1     -23.93      -9.17
 11   2      -1.66     -63.69
 11   3     -46.65     -38.51
 11   4     -40.57     -11.12
 11   5     -20.97     -40.69
 11   6      -6.03      20.24
 11   7     -29.23     -51.90
 11   8     -50.43      70.12
 11   9     -73.14     -35.84
 11  10     -29.85       9.17
 11  11     -53.13      44.77
 12   0      20.29       0.00
 12   1      -4.72     -12.66
 12   2     -21.03      18.00
 12   3     -25.18     -29.27
 12   4      48.52      13.73
 12   5      -4.25      25.91
 12   6      29.35     -29.22
 12   7      24.50     -26.32
 12   8      -5.88     -30.26
 12   9      10.11     -29.78
 12  10     -42.92      42.26
 12  11     -34.14     -88.76
 12  12      55.53     121.59
 13   0     136.99       0.00
 13   1       4.26      45.82
 13   2      -3.24     -39.48
 13   3     -18.25      13.04
 13   4      16.31      21.40
 13   5      31.44      40.79
 13   6      38.06     -41.35
 13   7      22.40      51.63
 13   8      46.17     -32.11
 13   9      46.29      41.17
 13  10      26.84     -31.07
 13  11      89.40     -13.80
 13  12      14.45     -12.44
 13  13      57.49     -78.22
 14   0      -4.67       0.00
 14   1       5.09      -2.58
 14   2     -55.89      12.00
 14   3      30.34      -7.13
 14   4     -23.38       9.55
 14   5      18.04     -27.22
 14   6     -38.81       2.59
 14   7     -27.43      -6.44
 14   8      -4.72      40.55
 14   9      -7.82      -2.37
 14  10      12.07      -3.84
 14  11       5.39      49.21
 14  12       6.74     -18.94
 14  13      -9.51      37.80
 14  14     -48.70     -34.19
 15   0     186.82       0.00
 15   1     -10.00     -56.24
 15   2       3.45     -51.94
 15   3     -47.10     -44.94
 15   4       5.45      -1.81
 15   5     -24.46     -24.53
 15   6      -3.97      15.51
 15   7      14.23     -13.62
 15   8     -44.40      15.58
 15   9     -26.04     -18.86
 15  10     -32.77      48.44
 15  11     -55.17     -25.50
 15  12      -6.19      34.66
 15  13     -51.64      58.15
 15  14     -60.67      37.92
 15  15      11.47      95.32
 16   0      11.43       0.00
 16   1      -7.69       6.18
 16   2      -1.94      26.06
 16   3      -1.40     -10.54
 16   4      37.90      47.57
 16   5       5.19       8.07
 16   6      31.84     -19.73
 16   7      -2.43      11.83
 16   8      30.97     -25.76
 16   9      15.80      16.37
 16  10      23.23       3.48
 16  11     -10.66      -3.73
 16  12       4.58     -20.45
 16  13     -13.48      -4.03
 16  14      47.96      -4.64
 16  15     -27.90     -81.69
 16  16     117.15       4.75
 17   0     171.47       0.00
 17   1      32.21      36.37
 17   2      -7.74     -35.05
 17   3     -21.51      10.19
 17   4       0.46      12.76
 17   5      19.84      30.77
 17   6       2.19      -1.36
 17   7      13.83      20.78
 17   8       6.47       1.43
 17   9      15.27      20.80
 17  10      -9.52     -16.60
 17  11      32.61      36.76
 17  12     -10.22     -23.25
 17  13      61.07      -9.72
 17  14      -6.24     -38.58
 17  15      53.17     -89.50
 17  16       2.20     -14.69
 17  17     -45.86     -86.94
 18   0      -1.53       0.00
 18   1     -22.12       8.39
 18   2     -29.14       1.22
 18   3       8.02     -33.46
 18   4     -10.72      12.59
 18   5       4.96      -9.06
 18   6     -43.54     -10.69
 18   7     -15.52      -1.99
 18   8     -59.29      14.00
 18   9       2.48      -6.14
 18  10     -42.49      39.87
 18  11       0.49      -5.65
 18  12       1.18      28.18
 18  13      -7.07       8.55
 18  14     -29.24       6.86
 18  15      24.45      47.68
 18  16     -26.74      31.00
 18  17     -16.26      33.99
 18  18     -24.83      57.52
 19   0     139.12       0.00
 19   1      22.08     -38.21
 19   2       9.03     -16.07
 19   3     -53.56     -35.41
 19   4      19.83      10.05
 19   5     -14.17     -11.78
 19   6      26.82     -14.96
 19   7      24.22       5.22
 19   8      13.94       9.23
 19   9     -11.45     -32.59
 19  10      -4.03       1.45
 19  11      -6.33     -24.55
 19  12      20.65       5.28
 19  13     -41.20     -29.39
 19  14      30.81      19.91
 19  15     -52.56       8.51
 19  16      31.13      16.06
 19  17      -2.41      43.86
 19  18     -41.70      43.02
 19  19      56.75     -12.44
 20   0       8.96       0.00
 20   1     -23.75      34.40
 20   2       1.66       6.79
 20   3      22.79      -4.47
 20   4      36.76      43.79
 20   5      16.84      -4.89
 20   6      22.64     -20.41
 20   7      -6.59      10.59
 20   8       3.29     -24.63
 20   9      14.20      21.40
 20  10      17.33      -5.79
 20  11       4.45       3.89
 20  12       8.14       1.43
 20  13      -8.48      18.70
 20  14      31.06      -7.79
 20  15      -2.16      -9.04
 20  16       3.06     -38.38
 20  17       5.91      -2.14
 20  18      15.04     -65.85
 20  19     -33.59     -19.64
 20  20     -17.25     -72.58
 21   0      39.03       0.00
 21   1      45.83     -11.04
 21   2      -7.57      16.76
 21   3     -25.57      -8.46
 21   4     -11.97       8.88
 21   5      11.30      23.46
 21   6     -13.04      17.68
 21   7      12.00      20.23
 21   8     -19.89      14.60
 21   9       2.96      -9.43
 21  10     -18.25      32.28
 21  11      11.91      25.68
 21  12       5.17       7.26
 21  13      32.89      41.11
 21  14     -21.36      -3.51
 21  15      14.72      15.60
 21  16     -35.27      -5.12
 21  17       4.50      -5.01
 21  18     -17.53      -0.59
 21  19     -20.42     -62.29
 21  20      10.80      31.20
 21  21     -45.62     -12.10
 22   0      -5.43       0.00
 22   1     -38.45       6.82
 22   2      16.19     -17.04
 22   3     -10.18     -19.64
 22   4       6.05      40.09
 22   5       8.26      -3.71
 22   6     -21.72      -8.09
 22   7     -13.16       0.89
 22   8     -26.24      14.92
 22   9      10.22       7.07
 22  10     -27.99      12.20
 22  11      -7.01      -1.92
 22  12      -7.38      18.43
 22  13     -14.52       5.93
 22  14     -24.18      19.32
 22  15      -3.62      -1.53
 22  16     -27.23      21.47
 22  17      17.77      -8.66
 22  18     -25.71      32.80
 22  19      26.93      -1.36
 22  20       0.62      19.50
 22  21      36.13      37.00
 22  22      17.16      39.23
 23   0     -84.80       0.00
 23   1      46.04     -21.81
 23   2       5.06      54.03
 23   3     -23.87     -11.29
 23   4      26.25      13.73
 23   5      -4.78       6.44
 23   6      22.26     -11.61
 23   7      18.94       1.74
 23   8      19.19      -4.56
 23   9      -8.17     -20.95
 23  10       6.71     -13.73
 23  11      -3.90     -19.57
 23  12      12.81     -24.93
 23  13     -29.78     -23.46
 23  14      -6.27     -27.26
 23  15     -18.42     -27.56
 23  16       4.06      -8.47
 23  17     -22.70     -13.86
 23  18      11.13     -11.37
 23  19     -19.47      23.81
 23  20      17.94     -15.11
 23  21      -5.05       8.18
 23  22       9.84      25.85
 23  23      37.78     -21.76
 24   0      -0.31       0.00
 24   1     -25.03      26.71
 24   2      45.44     -24.03
 24   3      15.01      -2.80
 24   4      21.13      34.45
 24   5      16.10     -11.66
 24   6     -10.82     -29.91
 24   7     -12.42      15.34
 24   8     -23.20     -18.70
 24   9      10.88      19.00
 24  10     -17.02      14.47
 24  11       5.71       6.61
 24  12     -10.29       1.13
 24  13       3.06      12.91
 24  14      15.51      -0.58
 24  15      12.97      11.99
 24  16       8.54     -12.72
 24  17      19.80       5.55
 24  18      37.58       5.08
 24  19     -16.70       9.87
 24  20      -1.34     -21.77
 24  21      -5.66      22.20
 24  22     -37.75     -53.21
 24  23     -25.09     -14.31
 24  24     -24.88     -38.28
 25   0    -236.54       0.00
 25   1      32.27     -16.05
 25   2      -1.87      76.91
 25   3      -2.50      -0.28
 25   4      -4.33      11.24
 25   5       2.20      17.45
 25   6      -1.85      15.96
 25   7      20.39      19.17
 25   8     -12.25      25.02
 25   9       2.03     -13.46
 25  10     -16.71      29.59
 25  11      20.44       3.30
 25  12      10.65       8.35
 25  13       4.34      -3.04
 25  14      17.07      21.14
 25  15      11.87       0.39
 25  16      18.59       2.03
 25  17      -0.02      16.46
 25  18       4.53       6.47
 25  19      32.57      14.55
 25  20     -16.34      13.14
 25  21      17.53      -5.54
 25  22      -7.34      -1.09
 25  23     -20.89     -24.12
 25  24      30.76      15.27
 25  25     -33.21      21.87
 26   0     -11.09       0.00
 26   1     -16.12       2.62
 26   2      55.52     -34.12
 26   3     -12.52       4.55
 26   4      13.21      38.96
 26   5      17.96      -5.85
 26   6      -9.66     -20.70
 26   7      -9.14       7.22
 26   8     -17.57       1.87
 26   9       7.98       9.15
 26  10      -7.16       0.92
 26  11      -4.24      -6.66
 26  12      -5.00       8.67
 26  13      -9.01       0.35
 26  14     -12.11     -11.70
 26  15      -6.43      -7.45
 26  16     -14.51      17.73
 26  17      -5.05     -10.10
 26  18     -20.76      26.58
 26  19     -15.25      -2.61
 26  20      -1.93      18.53
 26  21      -1.54      -6.91
 26  22     -13.46      29.77
 26  23      22.96     -12.81
 26  24      10.67      29.12
 26  25      36.56      -9.17
 26  26      39.80       5.82
 27   0    -338.56       0.00
 27   1      10.56      -2.74
 27   2       2.77     100.48
 27   3      26.24      11.05
 27   4      12.79       8.23
 27   5       2.22      13.86
 27   6      14.99      -1.44
 27   7      20.66      11.11
 27   8       8.52       0.23
 27   9      -8.95     -17.57
 27  10      -2.26       2.31
 27  11      -4.28      -4.39
 27  12      13.51     -20.73
 27  13     -26.85       5.45
 27  14       6.94     -18.82
 27  15     -10.29       0.24
 27  16      -9.91     -10.62
 27  17      -9.71       3.04
 27  18      -5.55       1.10
 27  19     -16.68       7.72
 27  20      -9.18       0.99
 27  21     -10.44       3.39
 27  22      -3.72      -2.91
 27  23      -4.17       1.82
 27  24      12.32     -12.76
 27  25       8.06       5.86
 27  26       1.91       9.79
 27  27      -6.06     -62.24
 28   0      -8.90       0.00
 28   1       8.16      -5.65
 28   2      66.17     -37.13
 28   3      -6.53      18.55
 28   4       6.75      16.37
 28   5      17.89     -10.58
 28   6     -20.39     -36.41
 28   7     -17.42      17.67
 28   8     -28.08      -9.34
 28   9       7.38      16.51
 28  10     -21.83      11.44
 28  11       0.55       8.54
 28  12     -13.80      10.95
 28  13       2.94       8.58
 28  14       1.28      -9.50
 28  15       8.92      24.88
 28  16     -10.01     -12.18
 28  17      21.54      -1.33
 28  18      17.50       5.78
 28  19      21.67       1.99
 28  20       0.55      -5.78
 28  21      10.19      -8.14
 28  22      33.65     -12.36
 28  23       5.31      10.42
 28  24      -2.19     -35.39
 28  25      -7.51      -4.36
 28  26     -43.61     -15.36
 28  27     -24.90      17.87
 28  28     -44.68      15.73
 29   0    -361.91       0.00
 29   1     -27.16      11.66
 29   2       0.82      84.66
 29   3      51.07      23.53
 29   4      -0.13       3.05
 29   5       0.84      14.27
 29   6      11.27       8.39
 29   7      29.81      19.35
 29   8      -0.60      18.96
 29   9      -0.68     -14.86
 29  10      -8.40      15.48
 29  11      11.96      -6.63
 29  12      10.80      -5.08
 29  13     -11.81     -14.24
 29  14      17.57      11.51
 29  15      11.21     -26.49
 29  16       7.64      12.86
 29  17     -15.57     -10.51
 29  18      16.78       2.58
 29  19       3.32      -7.40
 29  20      17.90       4.67
 29  21      12.78       6.56
 29  22      -3.27       1.14
 29  23      15.58      -3.23
 29  24      -2.99      13.47
 29  25      -9.80      11.31
 29  26       0.29     -22.84
 29  27      -5.61      23.45
 29  28      30.56     -21.57
 29  29       9.01      27.38