Solar Photospheric Field Harmonic Coefficients
Spherical harmonic coefficients are computed from WSO field observations using radial photospheric field boundary conditions.
WSO Data Use Policy
Coefficients order=29 center=CT2071:180
Coefficients for 360 degrees 
  Beginning: CT2070:000  2008:06:09_17h:22m:24s. 
  Centered:  CT2071:180  2008:06:23_08h:40m:35s. 
  End time:  CT2071:005  2008:07:06_14h:53m:16s.

Max Harmonic Order:29   Units: microTesla (0.01G)

  l   m      g(uT)      h(uT)

  0   0      -1.42       0.00
  1   0     -85.31       0.00
  1   1      -9.64       6.81
  2   0      -5.44       0.00
  2   1      -7.46      -9.55
  2   2      20.47       8.83
  3   0    -137.78       0.00
  3   1       5.30      -5.50
  3   2       0.31      -5.14
  3   3      10.97     -10.69
  4   0     -29.99       0.00
  4   1      -5.16      21.40
  4   2      -3.96     -14.08
  4   3     -12.33       5.38
  4   4      -9.45      -1.99
  5   0     -81.93       0.00
  5   1     -26.64     -12.01
  5   2       5.98       3.49
  5   3      -4.20      -7.06
  5   4       6.11       2.88
  5   5     -10.18      11.32
  6   0     -15.37       0.00
  6   1      28.20       7.47
  6   2      11.57      15.35
  6   3       9.19       3.42
  6   4      -4.69       5.15
  6   5       9.10      -7.98
  6   6       9.78      -8.02
  7   0      -3.05       0.00
  7   1     -19.84      -0.57
  7   2     -10.17      -7.75
  7   3      -0.22       1.68
  7   4       2.43     -15.29
  7   5      19.60       5.01
  7   6     -10.78       2.45
  7   7      -8.68      -2.95
  8   0       3.47       0.00
  8   1       4.39      -1.24
  8   2      13.77       7.43
  8   3       5.29       1.63
  8   4      22.25      -0.02
  8   5      -5.19       0.58
  8   6      -3.85      -4.20
  8   7      13.82      -4.72
  8   8      19.89      15.06
  9   0      50.14       0.00
  9   1     -10.03       2.19
  9   2       1.82       7.34
  9   3       8.11      -8.61
  9   4      -0.67       6.74
  9   5     -17.39     -10.83
  9   6      -0.71      -5.95
  9   7      10.79      -3.03
  9   8      -2.65      -1.52
  9   9       4.59     -20.76
 10   0      17.78       0.00
 10   1      11.49       9.33
 10   2       3.36      -0.71
 10   3       2.51       6.19
 10   4     -10.00      -0.72
 10   5      19.75      -5.44
 10   6       0.41      11.35
 10   7      -3.55       0.65
 10   8       9.36      -6.96
 10   9      -0.52       6.99
 10  10      -7.03       8.26
 11   0      93.78       0.00
 11   1     -10.84     -12.63
 11   2       0.07      -5.39
 11   3     -13.91      21.45
 11   4      -1.46      -8.30
 11   5      -2.83       8.92
 11   6      -1.39       6.25
 11   7      -3.39      -8.36
 11   8       2.67       4.57
 11   9      -5.74      11.63
 11  10      -2.98       0.41
 11  11      -7.20       8.78
 12   0      17.35       0.00
 12   1       0.96       6.86
 12   2       9.92      14.01
 12   3      -3.30      -2.62
 12   4       7.45       9.20
 12   5       5.75      -4.88
 12   6      -6.28      -7.10
 12   7       7.46       5.95
 12   8      -1.36       7.15
 12   9       7.54       3.52
 12  10       1.78      -2.41
 12  11      17.15       0.14
 12  12      -4.38      17.32
 13   0     144.51       0.00
 13   1      -4.34       1.19
 13   2      -6.87       1.35
 13   3      -0.19       9.25
 13   4      -7.99       9.15
 13   5      -9.67       2.43
 13   6     -10.62       3.17
 13   7      -0.12       8.36
 13   8      -3.00      -8.41
 13   9      12.29      -7.60
 13  10       8.36     -12.81
 13  11      -4.64      -7.85
 13  12       1.00      -8.06
 13  13       0.47     -14.43
 14   0      25.02       0.00
 14   1       0.03      -2.58
 14   2      14.84       2.44
 14   3       3.79      11.06
 14   4      -3.67       3.75
 14   5       5.63      -9.50
 14   6      -5.14       2.21
 14   7      -0.26       5.52
 14   8      -5.03      -4.61
 14   9       1.75      -5.83
 14  10      -2.97       9.28
 14  11      -3.98      -2.58
 14  12       2.33       0.09
 14  13       3.68      -0.17
 14  14     -15.84       3.78
 15   0     170.01       0.00
 15   1       2.61       2.36
 15   2       1.54      -2.29
 15   3      -6.01       2.43
 15   4      -8.74      -2.48
 15   5      -9.71      10.40
 15   6       1.48       8.40
 15   7       6.29       2.23
 15   8      -1.26      -8.63
 15   9      -4.34       3.45
 15  10      -4.85       3.89
 15  11       8.38     -12.50
 15  12       4.64      10.19
 15  13     -11.42       5.98
 15  14     -11.01      -6.75
 15  15      15.40      -0.72
 16   0      23.97       0.00
 16   1      -2.71      -4.26
 16   2       1.54       7.30
 16   3       3.09       2.16
 16   4       0.73       9.60
 16   5       3.83      -7.87
 16   6       2.18      -3.47
 16   7      -3.90       5.82
 16   8      -4.49       1.51
 16   9      -2.99      13.44
 16  10       4.55      -2.81
 16  11       6.79       2.61
 16  12      -0.71      -1.06
 16  13       1.50      -8.06
 16  14      12.04       3.68
 16  15       3.66      16.08
 16  16     -15.60     -12.23
 17   0     168.29       0.00
 17   1      10.84       4.54
 17   2      -2.43       1.90
 17   3      -0.15      14.17
 17   4      -6.52       3.13
 17   5     -12.67       3.20
 17   6      -0.50       6.05
 17   7       0.50       0.38
 17   8      -2.17       2.40
 17   9       2.41      -1.06
 17  10       5.02      -0.98
 17  11       3.29      -1.70
 17  12      -4.81     -14.59
 17  13       8.17      -1.40
 17  14      -0.49      -3.13
 17  15      -5.97      -2.92
 17  16       4.00       0.52
 17  17      -2.54      17.10
 18   0      23.27       0.00
 18   1     -10.43      -4.27
 18   2       7.96       0.50
 18   3       2.39       2.00
 18   4      -0.37       2.15
 18   5       6.70     -11.13
 18   6      -0.86       0.31
 18   7     -11.66       2.37
 18   8       1.14      -5.87
 18   9      -1.04       2.24
 18  10      -4.83       6.84
 18  11      -4.73      -1.89
 18  12       0.30      -4.10
 18  13      -1.45       7.61
 18  14      -9.44      -0.93
 18  15       3.14      -7.52
 18  16       1.09       8.70
 18  17      -2.81       0.40
 18  18       4.62     -10.38
 19   0     132.57       0.00
 19   1      20.44       2.91
 19   2      -0.94      -2.02
 19   3      -8.28      10.47
 19   4     -12.89       2.73
 19   5     -11.86       8.82
 19   6      -3.83       8.19
 19   7       2.47       1.94
 19   8       2.33       2.02
 19   9       1.07       6.41
 19  10      -2.86       3.39
 19  11       7.86      -1.86
 19  12      -2.67       5.32
 19  13      -3.14      -2.97
 19  14      -1.46      -0.89
 19  15       3.40       3.51
 19  16      -2.03      -2.27
 19  17      -7.00      -3.78
 19  18       3.95      -0.14
 19  19      -1.71      17.27
 20   0      12.40       0.00
 20   1     -14.81     -13.02
 20   2       0.97       3.68
 20   3       0.37       7.79
 20   4       2.06      12.85
 20   5       7.28      -8.51
 20   6      -3.00      -4.34
 20   7      -7.47       1.88
 20   8      -0.99       1.07
 20   9      -2.14       0.32
 20  10       6.37      -2.19
 20  11      -0.60      -4.15
 20  12       0.66       1.61
 20  13      -3.03      -1.18
 20  14       0.15       3.69
 20  15       0.40       1.29
 20  16       0.15      -0.11
 20  17      -3.28      -2.71
 20  18       2.09       8.82
 20  19       2.09       0.05
 20  20      -1.65     -14.59
 21   0      39.09       0.00
 21   1      27.37       9.87
 21   2       1.39       0.27
 21   3      -1.89       7.48
 21   4      -7.89       1.89
 21   5     -13.22       6.80
 21   6      -0.13       5.10
 21   7       0.35       1.52
 21   8       0.92       5.04
 21   9       4.69      -3.86
 21  10      -0.74      -1.39
 21  11       1.52      -1.21
 21  12      -2.45       6.81
 21  13       4.07      -2.08
 21  14       0.56      -4.52
 21  15       0.46      -3.30
 21  16       3.03       0.70
 21  17       2.91       0.01
 21  18       1.86       1.90
 21  19      -0.05     -10.05
 21  20      -1.38       4.38
 21  21      -9.05       7.66
 22   0      -5.08       0.00
 22   1     -15.40     -12.15
 22   2      -6.97      -6.72
 22   3       3.31       1.66
 22   4      -2.50       6.69
 22   5       4.30     -14.71
 22   6      -0.08       1.25
 22   7      -7.43       4.69
 22   8       0.43      -3.52
 22   9       1.52       2.84
 22  10      -0.45       2.37
 22  11       1.01      -0.24
 22  12       0.59       4.56
 22  13       2.03      -1.32
 22  14      -2.72       2.57
 22  15       0.84       1.05
 22  16       0.17      -3.09
 22  17       4.76      -2.70
 22  18       1.07      -8.69
 22  19       4.02       4.18
 22  20      -8.92       4.63
 22  21      -2.03       7.13
 22  22       6.06      -9.20
 23   0     -89.72       0.00
 23   1      24.15       7.59
 23   2       2.48       1.27
 23   3      -2.29       4.86
 23   4     -15.05       3.73
 23   5     -17.88      13.02
 23   6      -0.72      10.71
 23   7       2.20       2.16
 23   8       2.64      -0.59
 23   9       0.75       3.24
 23  10      -1.51       1.33
 23  11       5.94       1.18
 23  12      -4.06      -2.39
 23  13      -1.64      -5.47
 23  14      -1.25      -5.35
 23  15       1.00      -1.11
 23  16       3.50      -2.80
 23  17      -6.52      -7.12
 23  18      -1.46      -5.18
 23  19      -0.83       1.64
 23  20       1.13       2.90
 23  21       4.17      -1.53
 23  22      -0.48       0.68
 23  23     -10.61       4.95
 24   0     -26.92       0.00
 24   1     -10.52     -11.15
 24   2     -11.32      -7.93
 24   3       1.05       2.84
 24   4       2.08      10.81
 24   5      10.89     -14.43
 24   6      -0.84      -4.22
 24   7     -11.71       1.99
 24   8      -1.32      -0.81
 24   9      -4.11       2.74
 24  10       4.56      -3.69
 24  11      -0.33      -4.69
 24  12      -2.19      -3.29
 24  13      -5.87       0.26
 24  14       0.50       2.21
 24  15       3.05       3.69
 24  16      -0.38       1.32
 24  17      -1.81      -7.20
 24  18      -1.15       7.53
 24  19      -3.51      -1.10
 24  20       0.55       4.24
 24  21      -0.73      -3.92
 24  22      -4.55       5.88
 24  23       0.69      -7.07
 24  24      13.72      -1.01
 25   0    -225.66       0.00
 25   1      19.28       6.06
 25   2       2.42      -0.11
 25   3       0.46      -1.60
 25   4      -9.09       1.48
 25   5     -20.43      11.17
 25   6      -1.45       9.62
 25   7       0.54       1.69
 25   8       1.04       4.93
 25   9       3.11      -0.48
 25  10      -1.63      -0.02
 25  11       0.67       0.96
 25  12      -2.80       2.91
 25  13       3.76       0.52
 25  14       3.17      -2.41
 25  15       1.72      -4.19
 25  16       1.73      -3.75
 25  17       5.07       0.99
 25  18       0.35       1.77
 25  19       3.12      -4.45
 25  20       2.19      -1.45
 25  21      -0.05       5.44
 25  22      -3.26      -2.15
 25  23       4.40       0.43
 25  24      -6.15      -3.76
 25  25      -9.84      -4.96
 26   0     -41.39       0.00
 26   1      -4.94      -5.95
 26   2     -18.21     -11.53
 26   3      -0.32      -1.43
 26   4       0.03       7.32
 26   5       8.74     -18.86
 26   6      -1.15      -1.77
 26   7     -10.84       3.36
 26   8      -0.15      -2.49
 26   9       0.42       0.64
 26  10       1.09       0.08
 26  11       0.77      -2.87
 26  12      -0.29       1.81
 26  13       2.00      -1.91
 26  14      -3.57      -0.49
 26  15       0.59       2.92
 26  16      -0.26      -1.35
 26  17      -3.10       0.00
 26  18      -3.05      -4.11
 26  19      -1.08      -4.17
 26  20      -1.47       4.38
 26  21      -3.06       0.70
 26  22       3.14       0.38
 26  23       0.34       0.39
 26  24      -3.32      -1.69
 26  25      -0.24       2.03
 26  26       7.45       6.15
 27   0    -327.47       0.00
 27   1       2.78       0.97
 27   2       4.08       2.44
 27   3       3.18      -7.73
 27   4      -7.98       1.18
 27   5     -23.66      14.42
 27   6      -0.87      13.78
 27   7       1.71       2.10
 27   8       2.63       2.53
 27   9       1.91       1.05
 27  10      -1.49       0.30
 27  11       5.19       2.15
 27  12      -2.69      -0.89
 27  13       0.45       0.00
 27  14      -1.47      -2.22
 27  15       1.39       1.98
 27  16       4.87      -0.35
 27  17      -1.00      -0.82
 27  18       0.54      -1.01
 27  19      -3.35      -2.32
 27  20      -2.22      -1.90
 27  21       2.76      -5.48
 27  22       2.38      -2.02
 27  23      -0.73      -1.28
 27  24       3.43       0.35
 27  25       3.84       4.04
 27  26      -2.76      -0.88
 27  27      -4.91     -10.10
 28   0     -47.83       0.00
 28   1       6.79       2.92
 28   2     -18.88     -12.36
 28   3      -1.92      -4.68
 28   4       1.67       5.12
 28   5      12.75     -19.48
 28   6      -1.33      -3.73
 28   7     -15.56       3.26
 28   8      -0.18      -1.10
 28   9      -2.19       1.99
 28  10       3.40      -1.88
 28  11      -0.14      -3.08
 28  12      -0.83      -1.09
 28  13      -1.98       0.31
 28  14      -0.27       0.81
 28  15       2.71       2.25
 28  16       0.88      -1.85
 28  17      -2.32      -2.75
 28  18      -0.64       2.44
 28  19       1.52       3.76
 28  20       0.92       0.66
 28  21      -0.16      -5.80
 28  22      -3.46      -1.82
 28  23      -0.45      -3.42
 28  24      -2.43      -1.48
 28  25       1.03      -1.49
 28  26      -0.48      -2.23
 28  27       1.95      -1.99
 28  28      -0.16       9.91
 29   0    -341.71       0.00
 29   1     -17.57      -5.30
 29   2       2.46       1.10
 29   3       5.86     -13.72
 29   4      -1.10      -0.48
 29   5     -23.56      13.82
 29   6      -2.01      16.59
 29   7       1.23       2.64
 29   8       2.54       4.90
 29   9       2.23       0.02
 29  10      -1.68       0.21
 29  11       2.25       1.63
 29  12      -3.53       1.02
 29  13       3.47       0.40
 29  14       1.06      -2.15
 29  15      -1.12      -2.40
 29  16       1.11      -2.96
 29  17       1.09       1.12
 29  18       1.01       2.69
 29  19       0.95      -1.55
 29  20       0.08      -2.38
 29  21       0.14       2.21
 29  22       1.55      -2.97
 29  23       2.67       0.58
 29  24      -1.06      -0.23
 29  25      -1.62      -1.52
 29  26      -3.14       0.20
 29  27      -1.59       3.24
 29  28       1.67      -3.99
 29  29       5.45      -4.21