Solar Photospheric Field Harmonic Coefficients
Spherical harmonic coefficients are computed from WSO field observations using radial photospheric field boundary conditions.
WSO Data Use Policy
Coefficients order=29 center=CT2090:180
Coefficients for 360 degrees 
  Beginning: CT2089:000  2009:11:09_22h:53m:31s. 
  Centered:  CT2090:180  2009:11:23_14h:11m:42s. 
  End time:  CT2090:005  2009:12:06_20h:24m:23s.

Max Harmonic Order:29   Units: microTesla (0.01G)

  l   m      g(uT)      h(uT)

  0   0      -5.81       0.00
  1   0     -76.57       0.00
  1   1      -7.83      -2.11
  2   0     -14.13       0.00
  2   1      -4.34      12.26
  2   2       4.61      -1.84
  3   0    -125.85       0.00
  3   1     -17.49     -13.82
  3   2      17.06      -3.89
  3   3     -10.37      -7.99
  4   0     -18.35       0.00
  4   1      14.75      -0.43
  4   2       2.64      23.20
  4   3      -7.34      -5.66
  4   4       8.07      19.86
  5   0     -91.21       0.00
  5   1      18.61       6.22
  5   2     -19.81       5.96
  5   3       3.39     -26.62
  5   4       5.93      16.77
  5   5      -5.70     -15.72
  6   0      22.90       0.00
  6   1      11.47       9.86
  6   2     -24.37     -17.20
  6   3      12.94      -0.28
  6   4      -5.07      39.55
  6   5       5.78     -19.35
  6   6      12.60      24.80
  7   0      10.18       0.00
  7   1     -52.99      -6.85
  7   2      10.46      -6.28
  7   3       8.22      41.55
  7   4     -23.73      -3.76
  7   5      18.40     -20.66
  7   6     -11.23      -4.18
  7   7      13.87     -21.65
  8   0     -20.06       0.00
  8   1     -31.29      -6.68
  8   2       0.31      21.26
  8   3      -5.31      20.84
  8   4      20.10     -32.06
  8   5      12.97       4.11
  8   6      -5.44       9.81
  8   7      15.88       8.16
  8   8     -13.91      12.40
  9   0      26.85       0.00
  9   1      -0.72       7.69
  9   2      21.55      27.87
  9   3      -7.18      -2.74
  9   4      16.91     -18.30
  9   5     -14.62      22.62
  9   6     -20.07     -19.22
  9   7      11.87     -13.48
  9   8     -25.30      -6.67
  9   9      11.70      12.38
 10   0       1.79       0.00
 10   1      42.48      27.65
 10   2     -20.55      30.81
 10   3      -0.90     -39.05
 10   4      17.05      -6.74
 10   5     -14.39       2.91
 10   6      24.85       3.31
 10   7      -6.77      21.53
 10   8      -3.37     -13.92
 10   9      26.91      28.30
 10  10      -9.43     -28.96
 11   0     120.27       0.00
 11   1      13.33       7.67
 11   2     -22.36     -20.26
 11   3      22.32     -22.11
 11   4      -9.25      29.87
 11   5       4.79       5.77
 11   6      26.76      15.58
 11   7     -11.19       6.17
 11   8      12.13     -15.23
 11   9     -15.84      13.00
 11  10     -10.40     -40.97
 11  11     -17.10      33.44
 12   0      42.67       0.00
 12   1     -25.54     -18.91
 12   2     -27.82     -22.69
 12   3       3.39      27.68
 12   4      -8.66      21.04
 12   5      18.30     -19.10
 12   6      18.29       4.38
 12   7      -5.80     -27.76
 12   8      14.87      -4.84
 12   9     -22.96       9.90
 12  10      15.10      -4.99
 12  11     -17.65      37.73
 12  12      33.63     -28.96
 13   0     112.70       0.00
 13   1     -44.58     -24.44
 13   2      21.05      19.94
 13   3       6.19      43.17
 13   4      13.75     -20.38
 13   5      29.58      -1.25
 13   6     -17.87      10.40
 13   7      -2.93      -3.31
 13   8      -6.43      10.79
 13   9     -28.08     -13.68
 13  10      39.64       4.31
 13  11     -33.55      13.25
 13  12      17.31     -26.99
 13  13     -32.22      21.19
 14   0     -15.95       0.00
 14   1       3.43       5.99
 14   2      11.45      46.83
 14   3       1.34     -15.44
 14   4      22.22     -29.67
 14   5      -5.56      -0.72
 14   6     -16.35      -1.75
 14   7      13.24      -1.21
 14   8      -3.36      -1.00
 14   9      20.27     -15.09
 14  10      14.20      16.16
 14  11     -38.15     -30.16
 14  12      40.59      -2.96
 14  13     -40.17      14.06
 14  14      39.75     -14.65
 15   0     153.68       0.00
 15   1      42.43      21.53
 15   2       5.57      11.09
 15   3       2.92     -24.86
 15   4       4.96       4.56
 15   5     -15.63       7.44
 15   6       1.16      -3.63
 15   7      12.13      12.29
 15   8      -1.96     -12.14
 15   9      21.24       9.58
 15  10     -16.29       3.09
 15  11       1.68      -9.23
 15  12       1.35      18.91
 15  13     -26.02     -16.50
 15  14      55.96      15.43
 15  15     -29.71     -15.76
 16   0      36.75       0.00
 16   1      18.29       7.69
 16   2     -31.24     -14.94
 16   3      -2.17     -14.14
 16   4       1.51      13.19
 16   5      -8.53     -11.51
 16   6      19.59      12.44
 16   7      -6.67      12.19
 16   8      14.41     -16.77
 16   9      -2.56      -6.60
 16  10     -14.40     -18.62
 16  11      15.89       8.54
 16  12      -5.38      16.84
 16  13       4.33     -30.24
 16  14      28.63      16.74
 16  15     -39.61     -31.34
 16  16      11.58      26.33
 17   0     183.96       0.00
 17   1     -14.85      -8.76
 17   2     -10.77     -19.11
 17   3      15.20      23.40
 17   4      -1.98      16.55
 17   5      25.96       4.28
 17   6       6.73      13.83
 17   7      -1.22     -20.42
 17   8      10.95      -0.45
 17   9     -10.09       6.26
 17  10       4.75       6.39
 17  11      17.24      32.60
 17  12      -9.71      -8.06
 17  13      19.82     -30.83
 17  14      -1.96      16.01
 17  15     -21.90     -26.79
 17  16      20.90      38.33
 17  17      -0.04     -19.51
 18   0       8.82       0.00
 18   1     -31.16     -20.88
 18   2      -2.75      16.80
 18   3       1.19      19.21
 18   4      12.56     -13.86
 18   5      17.15     -13.14
 18   6     -13.81      -5.28
 18   7      -6.15      -7.01
 18   8      -6.78       9.58
 18   9      -2.66       5.75
 18  10      18.84      -8.83
 18  11       1.28       7.00
 18  12      -1.46     -31.50
 18  13       8.65      18.80
 18  14     -28.74       0.87
 18  15      16.13      -6.65
 18  16       3.47      45.58
 18  17      -0.86     -48.36
 18  18     -17.58      10.20
 19   0     103.11       0.00
 19   1      22.72      -0.17
 19   2      15.79      25.22
 19   3      10.75       2.57
 19   4      17.47     -19.17
 19   5       5.76       4.05
 19   6     -15.68       6.50
 19   7       1.44       7.17
 19   8      -0.61      11.64
 19   9       6.17      -6.30
 19  10      12.45      -1.21
 19  11     -22.43     -10.90
 19  12       3.79      -1.10
 19  13      -8.78      30.85
 19  14      -7.26     -13.89
 19  15      24.78       5.53
 19  16      -6.33       6.08
 19  17      17.45     -27.64
 19  18     -16.93      30.57
 19  19      14.44      -9.19
 20   0       9.16       0.00
 20   1      17.42       3.41
 20   2       4.84       0.75
 20   3       2.84     -24.87
 20   4      12.40      -7.23
 20   5     -13.69      -5.46
 20   6       1.21       5.48
 20   7       3.77       9.44
 20   8       5.93       4.32
 20   9       2.11       5.85
 20  10      -8.13      -2.26
 20  11      -9.53      -7.46
 20  12       3.41       9.76
 20  13       0.29       1.14
 20  14       8.45     -22.33
 20  15      -5.72       2.44
 20  16     -16.70       0.49
 20  17      21.15      -8.81
 20  18     -28.01       8.52
 20  19      12.90     -11.76
 20  20     -14.70       6.81
 21   0      43.90       0.00
 21   1      29.77       5.85
 21   2      -9.42     -15.99
 21   3       7.03       0.11
 21   4       1.69      15.52
 21   5       9.74       8.66
 21   6       8.11      10.76
 21   7       6.47       0.52
 21   8       9.33      -1.65
 21   9      -1.79      -0.50
 21  10     -12.17      -3.01
 21  11       3.17      11.46
 21  12       6.32      18.22
 21  13       6.59     -18.29
 21  14       0.36      -1.53
 21  15      -9.68      15.56
 21  16       6.72     -10.96
 21  17      21.89       4.56
 21  18     -27.51       7.85
 21  19       7.94      -5.82
 21  20      -6.38       0.15
 21  21       2.01       0.85
 22   0       5.69       0.00
 22   1     -15.42     -15.16
 22   2       3.43     -12.69
 22   3      -2.39       8.01
 22   4       9.56      -2.43
 22   5       5.40     -15.96
 22   6       2.39       2.42
 22   7      -4.96      -2.51
 22   8       0.83      -2.62
 22   9     -17.91       5.18
 22  10      -1.60       2.19
 22  11      14.78      14.75
 22  12       2.37      -8.51
 22  13       8.66     -20.41
 22  14       2.40       9.60
 22  15      -6.36       5.46
 22  16       8.39      -9.24
 22  17      -3.95       8.80
 22  18     -13.58      -4.13
 22  19      12.05       9.53
 22  20     -12.89       4.28
 22  21       4.84      -0.01
 22  22       0.52       1.66
 23   0     -86.45       0.00
 23   1      13.25      -1.71
 23   2      -3.00      -0.25
 23   3       6.41      11.47
 23   4      11.61      -2.17
 23   5      20.40       3.85
 23   6      -6.22       8.82
 23   7       0.45      -6.91
 23   8      -0.03       7.86
 23   9      -1.16       7.07
 23  10      10.14       8.55
 23  11      -2.00      -3.45
 23  12       1.80     -14.12
 23  13      -5.68       1.68
 23  14      -7.59      16.20
 23  15       5.68      -7.76
 23  16      12.02       0.93
 23  17      -2.49      -5.10
 23  18       7.81      -3.94
 23  19       5.77      10.32
 23  20      -2.49     -10.55
 23  21       5.83       3.94
 23  22      -3.21       1.44
 23  23      -1.27      -0.78
 24   0     -22.17       0.00
 24   1      -4.31      -8.81
 24   2      21.82     -11.46
 24   3       2.63      -3.13
 24   4      17.56     -11.47
 24   5      -0.82     -16.68
 24   6      -9.14       0.49
 24   7      -3.30       6.99
 24   8      -1.01       7.42
 24   9       2.04       8.18
 24  10       6.00      -1.08
 24  11      -1.30      -6.17
 24  12      -5.31      -2.99
 24  13      -4.00      19.50
 24  14       4.93       0.69
 24  15       7.83      -8.01
 24  16      -6.30      -3.84
 24  17      -5.08      -3.73
 24  18       3.73       0.18
 24  19      -2.06       6.32
 24  20      -1.90      -0.42
 24  21      -0.12      -8.19
 24  22       1.48       0.56
 24  23      -1.44       6.28
 24  24       8.26       1.12
 25   0    -212.52       0.00
 25   1      21.88       6.16
 25   2      -5.56      -8.56
 25   3       0.21      -4.61
 25   4       7.04       1.34
 25   5      14.92      10.48
 25   6      -2.93      14.14
 25   7       5.30       0.89
 25   8       7.84       4.63
 25   9       4.72      -2.66
 25  10      -4.76      -1.96
 25  11     -12.88      -5.74
 25  12       2.86       9.25
 25  13       3.44       0.47
 25  14       6.41      -4.36
 25  15      -1.17      -2.95
 25  16      -7.50       8.39
 25  17       2.41       3.91
 25  18       5.73      -0.49
 25  19      -0.77      -3.60
 25  20       7.42      -0.66
 25  21      -6.90      -4.86
 25  22      -4.16      13.74
 25  23       7.11      -1.18
 25  24       8.57       3.60
 25  25     -10.20      -5.70
 26   0     -26.00       0.00
 26   1      -2.17      -4.50
 26   2      24.85     -23.97
 26   3      -1.04       0.37
 26   4      10.92      -3.82
 26   5      -1.24     -17.36
 26   6      -2.07       3.70
 26   7      -2.30       4.46
 26   8       2.41       1.20
 26   9      -9.77       3.64
 26  10      -6.84      -1.71
 26  11       5.27       9.19
 26  12       2.82       3.72
 26  13       8.73      -5.93
 26  14       0.18      -7.05
 26  15     -10.73      -4.62
 26  16      -1.52      -0.97
 26  17       6.02      -0.73
 26  18       2.86      -3.15
 26  19      -2.57      -1.35
 26  20       0.31       7.09
 26  21      -3.76       2.11
 26  22      -6.39       5.20
 26  23      10.81      -2.83
 26  24       0.17       3.00
 26  25      -2.57      -8.71
 26  26       1.63       9.77
 27   0    -305.70       0.00
 27   1       0.16       0.91
 27   2      -9.55     -10.81
 27   3      -7.08      -1.62
 27   4       5.32       3.08
 27   5      22.14       9.33
 27   6      -2.73      16.29
 27   7       4.61      -4.02
 27   8       3.14       5.71
 27   9      -1.91       1.26
 27  10       0.63       4.87
 27  11      -0.52       2.76
 27  12       9.03      -0.64
 27  13      -0.86      -7.06
 27  14      -8.23       0.85
 27  15      -0.43      -0.68
 27  16       8.17       3.77
 27  17       3.45      -7.76
 27  18      -5.62      -3.25
 27  19      -0.81       1.86
 27  20       4.90       5.87
 27  21       3.92      -1.06
 27  22       1.80       1.51
 27  23      14.51      -4.33
 27  24      -8.81       1.26
 27  25      -4.34      -1.51
 27  26      -4.17      12.74
 27  27       3.09      -9.45
 28   0     -39.02       0.00
 28   1      -1.17       1.17
 28   2      26.73     -21.71
 28   3       0.22       5.19
 28   4      10.07      -4.11
 28   5       1.35     -21.11
 28   6      -6.72       3.11
 28   7      -5.21       6.03
 28   8      -1.80       5.49
 28   9      -6.01       8.02
 28  10       2.69       3.15
 28  11       6.19       1.21
 28  12      -1.79      -3.98
 28  13      -3.56       5.56
 28  14      -1.35       2.06
 28  15       8.23       3.52
 28  16       2.01      -2.54
 28  17      -6.47      -7.70
 28  18      -4.70      -2.52
 28  19       3.05       2.78
 28  20      -0.12       2.20
 28  21       1.92       5.70
 28  22      -0.01       0.96
 28  23       4.07      -2.77
 28  24      -9.15      -8.47
 28  25      -2.16       2.52
 28  26      -1.06       5.26
 28  27      14.94     -12.61
 28  28      -7.98       6.58
 29   0    -319.83       0.00
 29   1     -14.82       0.26
 29   2      -5.92      -8.02
 29   3     -13.87      -9.08
 29   4       0.77      -0.42
 29   5      20.69      10.46
 29   6      -5.09      20.93
 29   7       5.56      -3.02
 29   8       5.54       7.86
 29   9       2.74       0.64
 29  10      -0.55       1.79
 29  11      -6.49      -6.28
 29  12       3.45       2.19
 29  13      -3.82       1.89
 29  14       2.71       3.83
 29  15       4.24      -1.40
 29  16      -2.01      -7.19
 29  17      -0.67      -3.57
 29  18       1.67      -1.93
 29  19       4.14       0.12
 29  20       3.31      -1.48
 29  21       1.14       0.17
 29  22       7.02      -5.94
 29  23      -4.40      -2.54
 29  24      -8.55      -1.91
 29  25       3.11       7.33
 29  26      -1.74       1.38
 29  27      10.66     -14.36
 29  28     -16.54      11.73
 29  29      12.65      -0.18