Solar Photospheric Field Harmonic Coefficients
Spherical harmonic coefficients are computed from WSO field observations using radial photospheric field boundary conditions.
WSO Data Use Policy
Coefficients order=29 center=CT2100:180
Coefficients for 360 degrees 
  Beginning: CT2099:000  2010:08:09_16h:57m:15s. 
  Centered:  CT2100:180  2010:08:23_08h:15m:26s. 
  End time:  CT2100:005  2010:09:05_14h:28m:07s.

Max Harmonic Order:29   Units: microTesla (0.01G)

  l   m      g(uT)      h(uT)

  0   0      -2.79       0.00
  1   0     -47.52       0.00
  1   1      12.91     -11.12
  2   0       2.52       0.00
  2   1      10.34      -9.07
  2   2     -17.71      16.40
  3   0     -74.47       0.00
  3   1      -1.16     -26.81
  3   2      -8.26       8.53
  3   3      -1.88      -5.84
  4   0     -40.52       0.00
  4   1     -12.66      -0.30
  4   2     -27.95       8.01
  4   3     -35.20      16.72
  4   4     -83.03     -19.92
  5   0     -87.11       0.00
  5   1     -48.50     -34.90
  5   2     -11.35      14.20
  5   3      26.93     -27.66
  5   4     -45.52     -91.61
  5   5     -42.14      -2.04
  6   0     -16.34       0.00
  6   1     -20.10      42.66
  6   2      21.87     -31.71
  6   3      40.07       8.46
  6   4       0.45     -35.90
  6   5     -66.73     -33.63
  6   6     -36.94      52.22
  7   0       5.69       0.00
  7   1     -13.75      10.38
  7   2       0.71     -26.99
  7   3     -23.83      26.22
  7   4      64.76     -14.35
  7   5     -14.56     -24.73
  7   6      16.41     115.12
  7   7      28.11      94.19
  8   0      11.35       0.00
  8   1      31.19      67.89
  8   2      -1.86       8.70
  8   3     -16.96     -28.27
  8   4      51.83      12.15
  8   5      -0.04      26.77
  8   6     -34.86      78.89
  8   7      36.52      48.64
  8   8     -22.20      53.22
  9   0      36.88       0.00
  9   1      -3.82     -12.21
  9   2      -3.87       7.87
  9   3     -30.83      28.66
  9   4     -32.73      63.28
  9   5       9.73      -4.75
  9   6       9.71      38.69
  9   7      89.64      76.71
  9   8      80.15      32.24
  9   9     -19.71      60.49
 10   0       2.67       0.00
 10   1      -8.53     -25.14
 10   2       4.76       6.52
 10   3      -0.44     -16.11
 10   4     -62.52      19.48
 10   5       2.48      -7.35
 10   6       8.88     -45.34
 10   7      22.04       0.63
 10   8      11.24     -39.04
 10   9     -35.21     -15.09
 10  10     -14.84      18.20
 11   0      58.85       0.00
 11   1      -1.56     -30.97
 11   2     -13.37       6.20
 11   3      31.16      11.59
 11   4      -6.24     -26.43
 11   5      11.41       6.31
 11   6     -25.41     -72.26
 11   7       5.16     -56.88
 11   8      81.68     -58.95
 11   9      -0.08      10.33
 11  10      26.13      11.31
 11  11      51.47      46.23
 12   0      30.37       0.00
 12   1       7.06      24.87
 12   2      -5.42      -5.03
 12   3      27.42      -4.50
 12   4      -4.94       3.80
 12   5       1.85       2.97
 12   6      -5.67     -19.14
 12   7      -4.16      -6.27
 12   8      24.57     -36.78
 12   9     -51.23     -26.59
 12  10     -54.26      37.01
 12  11     136.44     -24.81
 12  12      47.25      35.51
 13   0      89.10       0.00
 13   1     -16.43      16.23
 13   2     -12.61       3.83
 13   3     -40.19      55.94
 13   4       7.30      17.17
 13   5       7.64     -15.51
 13   6       6.48      21.33
 13   7     -66.21      11.31
 13   8     -63.58       3.93
 13   9      -5.84     -45.23
 13  10     -26.29      44.00
 13  11      88.73      51.43
 13  12      92.76      22.93
 13  13     -33.41      54.72
 14   0      25.81       0.00
 14   1      -9.04      21.24
 14   2       5.86       4.62
 14   3     -12.00     -17.86
 14   4      -3.22      12.41
 14   5     -16.52       7.19
 14   6      -5.66      19.11
 14   7     -20.74       8.36
 14   8     -27.71      53.12
 14   9       9.73      30.18
 14  10     -28.19      -1.38
 14  11      26.62      -1.65
 14  12      76.50     -41.20
 14  13       7.55     -15.17
 14  14     -22.35       3.12
 15   0     124.64       0.00
 15   1      -0.30      -2.52
 15   2       2.22      -2.08
 15   3      -7.37      29.45
 15   4      -1.72      28.37
 15   5       7.95       3.65
 15   6       6.64      17.28
 15   7      35.83      -2.39
 15   8     -10.39      13.35
 15   9     -14.38      35.33
 15  10      -9.36       0.54
 15  11       4.91     -11.40
 15  12      39.38     -37.18
 15  13     -73.56      37.92
 15  14     -50.31       7.06
 15  15      11.65      -2.33
 16   0      27.46       0.00
 16   1       1.24     -30.99
 16   2       5.60      -1.92
 16   3      25.73     -10.12
 16   4      -7.27       7.53
 16   5      13.76      -9.93
 16   6       0.68      -6.61
 16   7      -2.67       5.96
 16   8      15.69     -23.83
 16   9      29.78      15.13
 16  10      34.53      -2.88
 16  11     -10.58       0.58
 16  12      22.28     -61.02
 16  13     -53.30     -53.78
 16  14     -62.72      -9.08
 16  15      83.22     -30.09
 16  16      46.57       8.14
 17   0     103.16       0.00
 17   1      17.67      -0.10
 17   2     -10.48      -3.67
 17   3       4.46      37.96
 17   4       3.99       5.11
 17   5      10.65      -3.64
 17   6      -7.71     -27.73
 17   7      -1.27       0.34
 17   8      31.59       0.71
 17   9      13.30     -12.02
 17  10      32.87     -14.48
 17  11     -11.72      -3.36
 17  12     -20.59     -13.81
 17  13     -27.14     -14.67
 17  14     -61.91      59.77
 17  15      -0.38      38.65
 17  16      58.02     -18.59
 17  17      -9.80       3.12
 18   0      23.01       0.00
 18   1      -1.59     -32.22
 18   2      -5.43      -3.84
 18   3      -1.76     -25.71
 18   4     -16.06      12.67
 18   5     -12.34       7.63
 18   6       1.30     -16.64
 18   7     -11.76       0.78
 18   8      10.62      -5.41
 18   9     -30.35      -9.53
 18  10      -3.37      -6.54
 18  11      14.02      -7.59
 18  12     -27.02      34.08
 18  13     -20.73       9.14
 18  14     -44.95      14.92
 18  15      38.14       4.29
 18  16      58.41     -11.12
 18  17      23.63      -1.15
 18  18     -23.53       6.65
 19   0      81.47       0.00
 19   1      18.49      27.80
 19   2      -1.18       3.58
 19   3     -35.06      46.56
 19   4      -4.97      17.57
 19   5       3.06      -4.42
 19   6       1.69      -2.25
 19   7     -26.33      -7.50
 19   8     -16.32      12.82
 19   9       0.87      -4.03
 19  10     -19.60      15.76
 19  11       6.28      -0.34
 19  12     -22.65      -6.47
 19  13      16.57      -2.74
 19  14      -6.27      24.74
 19  15      21.65      51.59
 19  16      10.47       5.85
 19  17     -53.90     -19.43
 19  18     -37.37     -33.49
 19  19     -21.96     -33.90
 20   0      10.91       0.00
 20   1       1.36     -27.17
 20   2       3.86       1.75
 20   3      10.15     -10.16
 20   4     -23.36      15.93
 20   5      -0.83      -4.58
 20   6       0.26       7.22
 20   7      -5.33       4.48
 20   8      -9.75      15.88
 20   9      21.19       2.35
 20  10     -24.41       0.19
 20  11      -7.07       8.52
 20  12      -4.68       6.97
 20  13      29.73      11.35
 20  14      11.80       6.47
 20  15       7.97      16.37
 20  16      31.53     -24.69
 20  17     -27.89     -31.92
 20  18     -40.37      11.73
 20  19     -12.92     -11.10
 20  20      -0.20      -7.26
 21   0      23.90       0.00
 21   1      29.25      28.90
 21   2       2.23       0.40
 21   3       3.64      30.57
 21   4      -3.39      32.99
 21   5      15.22      -0.19
 21   6       3.92      11.60
 21   7      24.37      -9.73
 21   8     -18.90       9.30
 21   9       2.75      16.02
 21  10      14.87      -3.53
 21  11       8.69       7.25
 21  12       2.16       2.16
 21  13      17.62      -6.13
 21  14      34.31     -40.58
 21  15       3.74     -10.88
 21  16       2.98      12.12
 21  17     -41.12      -6.75
 21  18     -40.63       0.82
 21  19     -27.46     -16.90
 21  20       7.93     -39.50
 21  21      11.59      -3.51
 22   0      -5.27       0.00
 22   1      -3.27     -52.21
 22   2      -5.59       0.26
 22   3      10.51     -14.51
 22   4      -7.43      18.58
 22   5       0.46      -1.70
 22   6       0.38       4.18
 22   7       2.71       2.66
 22   8      10.93     -19.93
 22   9       1.46      12.07
 22  10      16.17      -5.46
 22  11      11.29      -3.27
 22  12      18.52     -18.07
 22  13     -16.38      -4.50
 22  14      13.73      -5.67
 22  15       7.07     -19.92
 22  16      -6.08      -3.20
 22  17     -21.41      -4.83
 22  18      -1.72      11.37
 22  19      19.91      31.25
 22  20     -20.57      -1.49
 22  21       2.37       0.14
 22  22      -9.47      10.70
 23   0     -58.96       0.00
 23   1      24.34      24.87
 23   2       7.27      -3.20
 23   3     -12.13      22.61
 23   4       7.61      15.28
 23   5      12.07      -5.16
 23   6      -0.41     -14.39
 23   7      -4.74       7.12
 23   8      14.93      -5.10
 23   9       1.32     -11.37
 23  10       7.23      -4.27
 23  11       4.73       5.52
 23  12      15.15      -6.09
 23  13     -14.84      -4.75
 23  14       0.85       8.22
 23  15       3.23     -19.70
 23  16       0.33     -20.26
 23  17       1.12       1.91
 23  18     -14.03      25.54
 23  19      17.87      25.42
 23  20      -8.05     -18.36
 23  21     -29.13     -19.89
 23  22      -2.96       7.39
 23  23     -11.57      -5.54
 24   0     -28.30       0.00
 24   1       1.25     -34.50
 24   2      -0.41      -3.16
 24   3      -1.77      -5.43
 24   4     -21.74      12.22
 24   5      -4.52       1.45
 24   6       3.81     -14.34
 24   7      -9.12       9.02
 24   8       6.89      -1.34
 24   9      -3.01     -10.95
 24  10      -6.06      -9.28
 24  11      -3.35       4.16
 24  12       1.56      15.98
 24  13      -1.37     -16.12
 24  14     -14.72       7.72
 24  15      -5.97       0.15
 24  16     -12.68      -2.42
 24  17       2.27       0.05
 24  18      -7.13       6.55
 24  19      31.31      30.91
 24  20      15.40      11.05
 24  21     -25.65      -2.48
 24  22     -23.49      19.99
 24  23     -18.32       2.49
 24  24      -5.20     -19.23
 25   0    -149.55       0.00
 25   1      24.75      28.67
 25   2      12.49      -0.90
 25   3      -1.55      -0.08
 25   4      -7.59      24.10
 25   5      14.83      -1.51
 25   6       2.60      -5.17
 25   7       0.31     -12.11
 25   8     -11.05      15.79
 25   9      -0.11       4.93
 25  10      -2.30       4.41
 25  11      -3.82      -5.59
 25  12      -8.51      13.45
 25  13       1.74       2.00
 25  14      -8.09       7.40
 25  15       2.15      18.55
 25  16      -1.56       5.99
 25  17      21.48       5.17
 25  18      11.72     -15.35
 25  19      12.63       4.62
 25  20      12.79      -3.83
 25  21     -22.97     -27.62
 25  22      -5.96      -7.05
 25  23     -12.16       6.36
 25  24      -8.35     -21.32
 25  25       6.37     -13.63
 26   0     -46.42       0.00
 26   1       4.38     -13.88
 26   2      -4.12       3.02
 26   3      -1.09       5.11
 26   4     -16.80      17.68
 26   5      -3.33      -3.33
 26   6       1.99       4.69
 26   7      -5.58      -1.23
 26   8      -0.01      -1.89
 26   9       4.47       4.69
 26  10      -6.43       3.58
 26  11      -7.05       0.38
 26  12      -7.00       4.42
 26  13       9.69       8.22
 26  14       0.92       2.25
 26  15       7.81       2.06
 26  16       3.06      -9.12
 26  17       1.00       4.56
 26  18      -5.98      -6.69
 26  19     -11.61     -20.39
 26  20       2.36       0.76
 26  21      -7.35      -7.90
 26  22      -4.68       9.75
 26  23       3.30      14.37
 26  24     -27.50     -11.35
 26  25      -7.20     -13.29
 26  26       9.03       4.50
 27   0    -211.00       0.00
 27   1       4.72       8.01
 27   2      15.15      -1.07
 27   3       9.06     -29.44
 27   4       2.65      16.37
 27   5      17.89      -6.56
 27   6       2.82      -3.46
 27   7       3.79      -4.03
 27   8      -3.14       2.55
 27   9       2.58       0.91
 27  10       5.69       1.27
 27  11       6.26       6.12
 27  12      -5.74      -6.02
 27  13      11.01      -2.34
 27  14      11.40     -14.07
 27  15      -6.03       3.45
 27  16       1.32       1.31
 27  17      -0.35       5.38
 27  18       4.43       3.21
 27  19      -2.73     -16.51
 27  20      -4.11      -0.43
 27  21      -7.43      -9.96
 27  22       1.32      -5.89
 27  23      14.98       5.99
 27  24     -14.06      -8.34
 27  25     -12.79      -4.62
 27  26       0.86      10.94
 27  27       0.91      10.27
 28   0     -49.51       0.00
 28   1       2.88      16.10
 28   2      -0.67       2.52
 28   3     -10.04      15.77
 28   4      -9.29       7.29
 28   5      -4.68       0.28
 28   6       4.47      -6.00
 28   7      -3.75       8.31
 28   8       6.79      -9.45
 28   9       0.09      -3.04
 28  10      -0.04      -6.85
 28  11       9.35       3.42
 28  12       2.63      -5.46
 28  13      -1.29      -7.00
 28  14       8.53      -1.10
 28  15      -0.27      -8.07
 28  16       2.08      -2.81
 28  17      -7.02      -6.53
 28  18       2.64       1.37
 28  19     -10.37     -19.52
 28  20     -18.63      -4.79
 28  21     -10.19      -1.86
 28  22      -2.29       4.31
 28  23      25.11       6.08
 28  24      -1.33      -7.46
 28  25     -26.76     -10.44
 28  26      -4.08       5.98
 28  27      -3.90      13.73
 28  28       2.59      -6.47
 29   0    -213.93       0.00
 29   1     -16.44     -14.19
 29   2      13.72      -0.63
 29   3      16.56     -54.69
 29   4      -2.23       3.92
 29   5      17.97      -5.37
 29   6       3.65      -9.88
 29   7       3.97      -7.47
 29   8      -4.46       7.92
 29   9       1.11      -0.54
 29  10       1.92      -0.51
 29  11       5.71       0.64
 29  12       6.10       2.21
 29  13      -4.16      -3.78
 29  14       5.65      -1.55
 29  15      -1.03      -4.94
 29  16       7.18      -0.59
 29  17     -10.67      -5.02
 29  18      -2.58       5.44
 29  19       9.95       0.82
 29  20      -1.45       0.55
 29  21       1.26      14.09
 29  22       3.36       0.70
 29  23      14.43      -0.28
 29  24       7.41     -10.37
 29  25     -10.42      -5.69
 29  26      -3.37      11.56
 29  27       5.19      16.14
 29  28      -2.39      -2.58
 29  29       8.65     -12.06