Solar Photospheric Field Harmonic Coefficients
Spherical harmonic coefficients are computed from WSO field observations using radial photospheric field boundary conditions.
WSO Data Use Policy
Coefficients order=29 center=CT2111:180
Coefficients for 360 degrees 
  Beginning: CT2110:000  2011:06:05_17h:37m:22s. 
  Centered:  CT2111:180  2011:06:19_08h:55m:34s. 
  End time:  CT2111:005  2011:07:02_15h:08m:14s.

Max Harmonic Order:29   Units: microTesla (0.01G)

  l   m      g(uT)      h(uT)

  0   0       3.16       0.00
  1   0     -48.35       0.00
  1   1       5.87     -29.18
  2   0      35.15       0.00
  2   1     -19.88      -4.14
  2   2     -41.14       0.83
  3   0     -64.43       0.00
  3   1     -28.59       6.61
  3   2     -21.35     -89.90
  3   3      42.37     -44.93
  4   0       7.85       0.00
  4   1      -9.59       5.50
  4   2      28.50     -14.54
  4   3      51.46      20.71
  4   4     -79.62      31.55
  5   0     -76.73       0.00
  5   1     -42.52      23.36
  5   2      40.02      64.74
  5   3      19.54     -10.32
  5   4      35.69     -75.92
  5   5      44.29      24.95
  6   0      -3.85       0.00
  6   1      15.07      27.82
  6   2       4.93      -4.57
  6   3     -20.56     -20.17
  6   4      14.79      27.76
  6   5     -67.82     185.28
  6   6    -150.43      59.53
  7   0      49.44       0.00
  7   1      -4.01       4.03
  7   2     -46.00      12.71
  7   3      -3.40      -9.66
  7   4      46.22      19.90
  7   5      29.95      15.46
  7   6     -37.09      -8.10
  7   7     118.13     -32.86
  8   0     -16.97       0.00
  8   1     -32.62      25.48
  8   2      -9.86       4.61
  8   3     -30.88     -17.98
  8   4      50.90     -30.75
  8   5      30.82     -37.79
  8   6     -66.95     -28.96
  8   7     130.86      -8.83
  8   8     -24.37      96.69
  9   0     -26.59       0.00
  9   1     -20.70      21.67
  9   2      24.28       3.79
  9   3     -19.03      31.40
  9   4     -67.67      16.02
  9   5     -42.17     -23.99
  9   6      39.52     -23.26
  9   7      46.69      22.79
  9   8     -28.19     180.82
  9   9      79.12       8.47
 10   0       4.52       0.00
 10   1      23.49       7.68
 10   2      36.48      67.44
 10   3      14.66      53.88
 10   4     -58.53     -30.48
 10   5      19.28     -57.83
 10   6      94.06     -38.07
 10   7     -36.36       9.72
 10   8     -24.53       3.68
 10   9     116.03    -126.19
 10  10      42.95      60.08
 11   0      87.05       0.00
 11   1     -14.23      -6.61
 11   2     -23.30      38.32
 11   3       3.72      19.32
 11   4      18.26     -26.33
 11   5      26.62      24.45
 11   6     -27.07      40.76
 11   7     -52.92      -3.68
 11   8      -4.48     -83.33
 11   9      77.78      42.19
 11  10      24.32     164.77
 11  11      14.56     -70.92
 12   0       2.69       0.00
 12   1     -18.59       2.46
 12   2     -28.14       3.83
 12   3      26.10      -7.79
 12   4      38.98      -8.90
 12   5     -53.44      85.39
 12   6     -48.10      59.67
 12   7      -3.96     -28.19
 12   8      12.62     -42.71
 12   9     -30.72      66.10
 12  10      30.17      53.80
 12  11     -20.63     -64.43
 12  12      -0.21     142.65
 13   0      72.73       0.00
 13   1     -16.57      19.96
 13   2      -7.77      19.11
 13   3      36.22     -22.93
 13   4      21.81      22.12
 13   5     -17.98      13.51
 13   6      33.18     -35.62
 13   7      35.02     -25.54
 13   8      37.91      28.69
 13   9     -61.47     -39.34
 13  10      22.52     -52.19
 13  11      66.28     -46.78
 13  12      61.68      91.34
 13  13     -58.29     -89.35
 14   0     -58.58       0.00
 14   1       5.85      10.86
 14   2      36.05       3.21
 14   3      -0.18      13.04
 14   4      -4.34     -12.50
 14   5      31.63     -52.41
 14   6      11.10     -30.41
 14   7      24.82      26.29
 14   8      -9.88      51.63
 14   9     -52.28     -36.17
 14  10     -27.83     -55.31
 14  11      19.38      41.81
 14  12     -16.39     130.95
 14  13    -123.07     -77.19
 14  14      24.37      15.05
 15   0      79.48       0.00
 15   1      17.26     -17.64
 15   2       9.55      21.42
 15   3     -39.10      61.07
 15   4      -0.23       3.05
 15   5      17.36     -38.08
 15   6     -14.59       9.21
 15   7     -17.83      44.67
 15   8     -30.07       9.57
 15   9      -5.28     -11.80
 15  10     -41.13     -26.90
 15  11     -30.95      35.30
 15  12      20.48     -34.15
 15  13      -1.98     -29.41
 15  14      87.62      72.70
 15  15    -131.34      13.47
 16   0      -0.80       0.00
 16   1      -0.98     -15.80
 16   2     -11.61      33.38
 16   3      -8.33      34.23
 16   4       8.68     -21.77
 16   5     -13.10      -5.59
 16   6      14.58       8.63
 16   7     -13.81      -3.95
 16   8       4.85     -54.44
 16   9      36.42       1.39
 16  10      -5.40      19.34
 16  11      12.44     -22.59
 16  12      11.84     -55.76
 16  13      57.80      52.10
 16  14      19.96      -8.84
 16  15     -98.81     -60.51
 16  16      50.91      -1.07
 17   0     111.44       0.00
 17   1       6.22       0.91
 17   2     -20.63      11.55
 17   3      26.72      -5.70
 17   4      -3.61       2.37
 17   5       6.28      17.10
 17   6       5.84      -3.90
 17   7      14.10     -45.72
 17   8       9.07     -21.75
 17   9       5.49      51.40
 17  10      17.48      32.48
 17  11     -24.23     -34.04
 17  12     -45.62     -10.26
 17  13      27.56      45.74
 17  14      27.73     -22.70
 17  15     -97.55       5.26
 17  16      65.41      10.71
 17  17     -70.97      15.78
 18   0     -23.76       0.00
 18   1       2.58     -13.01
 18   2      11.65      11.74
 18   3      26.01      -2.43
 18   4      -0.75     -30.93
 18   5     -27.15      29.62
 18   6      -8.50       5.08
 18   7       7.01     -19.55
 18   8     -10.07      28.35
 18   9       8.77      11.30
 18  10      11.65      -6.82
 18  11     -20.39     -11.71
 18  12      -9.44      16.34
 18  13       0.69     -14.36
 18  14     -29.09     -16.82
 18  15      35.60      -7.84
 18  16      41.35     -16.55
 18  17    -128.71      25.48
 18  18      49.21      -8.23
 19   0      57.81       0.00
 19   1      30.78     -20.15
 19   2      10.15       7.04
 19   3      -8.57      20.20
 19   4       5.92      15.53
 19   5      -5.43       7.20
 19   6      13.26     -21.08
 19   7     -16.80      18.77
 19   8       6.53      21.23
 19   9      -0.98     -39.96
 19  10       2.97      -5.62
 19  11      45.00      24.31
 19  12      14.90       6.68
 19  13     -52.61     -55.55
 19  14     -26.58       6.28
 19  15      45.81       1.04
 19  16       6.78      -8.85
 19  17     -53.89     -18.04
 19  18     130.72     -11.45
 19  19       7.39      55.99
 20   0     -23.85       0.00
 20   1      16.46     -27.23
 20   2      -3.22     -13.32
 20   3      -4.24      30.94
 20   4      13.32     -19.33
 20   5      21.43     -39.47
 20   6      -1.36       4.57
 20   7      -5.79      21.85
 20   8      19.69     -23.10
 20   9     -16.97     -13.97
 20  10       2.93      22.73
 20  11       8.71       3.90
 20  12     -15.26     -12.69
 20  13     -11.82     -18.82
 20  14      -5.30      45.62
 20  15     -14.67      28.09
 20  16     -38.43      -7.88
 20  17     -10.09     -18.37
 20  18      11.42     -80.39
 20  19     -54.14      17.67
 20  20      45.85     -69.27
 21   0      31.67       0.00
 21   1      40.08     -15.75
 21   2      -5.24      -8.26
 21   3       5.42      20.67
 21   4      15.96       2.96
 21   5      14.14     -24.27
 21   6     -17.58       9.13
 21   7      15.01      -4.81
 21   8     -10.40     -14.34
 21   9     -23.30      12.78
 21  10     -16.67       1.60
 21  11     -27.33     -20.74
 21  12      11.13      -3.90
 21  13      47.27      40.14
 21  14       7.61      10.73
 21  15     -28.58      -8.28
 21  16     -13.25      16.51
 21  17      38.09     -18.93
 21  18       3.04     -24.24
 21  19      -7.56      71.61
 21  20      29.70     -64.83
 21  21      23.64      19.73
 22   0       9.36       0.00
 22   1       0.52     -28.79
 22   2      -2.51      -8.67
 22   3      11.08       5.99
 22   4       1.22     -30.53
 22   5     -29.31       7.29
 22   6      14.09       0.60
 22   7      12.45     -17.83
 22   8     -11.37       2.67
 22   9       7.55      17.67
 22  10     -10.27     -11.62
 22  11      -3.15     -17.54
 22  12       3.99      10.32
 22  13      12.15      26.10
 22  14       4.69     -33.54
 22  15     -14.29     -10.08
 22  16       4.55       0.84
 22  17       6.41      16.32
 22  18     -37.65     -20.12
 22  19     -40.86     -13.59
 22  20      24.44     -93.45
 22  21      77.12      45.80
 22  22      32.27     -22.28
 23   0     -56.02       0.00
 23   1      36.50     -18.88
 23   2      11.69     -21.32
 23   3       2.49       4.35
 23   4      -3.20      12.84
 23   5       5.51       6.78
 23   6      19.82     -18.73
 23   7      -8.28     -11.06
 23   8       4.24      16.56
 23   9      10.00       9.93
 23  10       6.43     -16.06
 23  11       1.53       7.95
 23  12     -20.98      17.69
 23  13     -25.05      -9.55
 23  14       3.89     -10.70
 23  15      20.57      -0.53
 23  16       8.33      -2.19
 23  17     -30.34      21.30
 23  18     -12.77      20.40
 23  19      -8.43      -5.07
 23  20     -29.45     -10.70
 23  21      20.05       2.35
 23  22      -8.09     -67.81
 23  23      23.82     -18.58
 24   0      14.16       0.00
 24   1      16.98     -22.04
 24   2      -9.31     -30.41
 24   3      -3.83       4.96
 24   4      11.88     -33.31
 24   5      -3.35      -8.53
 24   6      -4.41       7.79
 24   7     -12.41       5.81
 24   8      10.23      -0.60
 24   9      13.80     -10.57
 24  10      15.05       7.71
 24  11      -3.68      13.16
 24  12      -5.44      -9.65
 24  13     -23.95     -23.93
 24  14       3.61      10.26
 24  15      24.59      -7.37
 24  16      -7.36      -9.56
 24  17     -11.06       0.67
 24  18      31.43      36.79
 24  19      24.47      11.75
 24  20     -17.80      10.25
 24  21      18.28       6.46
 24  22       6.95      -9.29
 24  23      45.60     -24.91
 24  24     -13.90     -25.90
 25   0    -120.06       0.00
 25   1      33.95      -9.90
 25   2       6.25     -36.63
 25   3      -2.34       0.92
 25   4      12.06       7.98
 25   5       9.39      -8.67
 25   6      -8.60      -5.29
 25   7      -3.95       5.02
 25   8      -1.39     -12.30
 25   9     -10.62     -12.03
 25  10      -5.78      14.32
 25  11       6.70      -7.43
 25  12       5.13     -28.00
 25  13      -6.62      -0.83
 25  14       1.28      18.38
 25  15     -14.15       0.57
 25  16      -7.16      -5.46
 25  17      25.78     -17.36
 25  18       6.79      12.26
 25  19      -1.97      -6.17
 25  20      -6.75      13.46
 25  21      -2.22     -27.61
 25  22     -49.61     -11.84
 25  23      -4.40       6.13
 25  24       3.43      -0.20
 25  25      -6.37      -2.88
 26   0      43.47       0.00
 26   1       4.42     -10.89
 26   2     -12.86     -33.06
 26   3      -2.38      -6.35
 26   4       3.95     -25.65
 26   5     -13.70     -13.75
 26   6       6.05       4.88
 26   7       7.01      -3.79
 26   8       1.62     -11.85
 26   9      -7.46      13.42
 26  10      -2.87      12.21
 26  11       1.48     -12.12
 26  12      -0.40       0.27
 26  13      17.81      13.62
 26  14      -6.17       2.81
 26  15     -30.15       4.58
 26  16      14.81       9.04
 26  17      16.06     -15.68
 26  18     -20.13     -13.84
 26  19       9.75       1.21
 26  20      29.22      -1.52
 26  21      -0.97      -3.16
 26  22     -20.53      29.90
 26  23       3.34      -3.05
 26  24     -24.78     -36.14
 26  25      -4.49     -39.21
 26  26     -30.68      -9.28
 27   0    -182.06       0.00
 27   1       6.91      -0.31
 27   2      12.23     -37.83
 27   3       1.74     -14.15
 27   4       1.07       4.65
 27   5       9.72      -5.95
 27   6       7.24     -14.70
 27   7       2.69      -8.98
 27   8      -1.54       8.66
 27   9      -5.84      11.15
 27  10      -1.85     -12.39
 27  11      -7.82      -2.70
 27  12      -1.54      17.33
 27  13      10.78       5.13
 27  14      -3.95     -11.17
 27  15       2.93     -11.97
 27  16      10.76       8.13
 27  17      -7.20       6.16
 27  18     -10.50      -7.92
 27  19       0.81     -11.29
 27  20      14.11      -7.18
 27  21      16.98      20.87
 27  22       0.07      18.49
 27  23     -27.29      21.61
 27  24       7.99      31.67
 27  25       0.27      17.95
 27  26     -25.84     -22.52
 27  27     -10.77     -27.20
 28   0      52.20       0.00
 28   1       1.13       8.75
 28   2     -13.81     -31.67
 28   3      -8.19     -18.60
 28   4       5.99     -18.63
 28   5     -14.74      -6.46
 28   6       5.08       8.45
 28   7      -2.35      -2.46
 28   8       3.51       1.92
 28   9       9.44      -2.60
 28  10       3.43      -2.87
 28  11      -2.12       4.90
 28  12       3.41       7.13
 28  13     -16.55      -7.80
 28  14      -4.26     -11.66
 28  15      20.89      -4.49
 28  16      -3.24      -2.41
 28  17     -17.38       8.41
 28  18       3.63      -2.05
 28  19      -7.66     -16.07
 28  20      -4.28      12.03
 28  21      -4.86      12.19
 28  22      15.51     -17.19
 28  23      -9.20       1.84
 28  24       6.01       2.93
 28  25      -4.57     -20.55
 28  26     -58.55       5.42
 28  27      -6.24      -8.23
 28  28      -9.09       8.41
 29   0    -186.49       0.00
 29   1     -22.83      13.77
 29   2       8.20     -33.94
 29   3      -4.29     -24.15
 29   4       3.57       0.23
 29   5       9.12      -3.96
 29   6       1.70     -14.90
 29   7      -6.45      -2.94
 29   8      -0.67      -1.73
 29   9      -1.80      -3.81
 29  10      -3.00       1.19
 29  11       1.93       0.51
 29  12      -4.85      -6.05
 29  13     -14.84      -6.02
 29  14       7.70      11.85
 29  15       6.68      -0.65
 29  16      -6.78      -3.22
 29  17      -6.87      -2.49
 29  18      16.32      -5.49
 29  19      -0.08      13.83
 29  20     -13.14      12.53
 29  21      -9.27      -8.57
 29  22      13.62      -0.86
 29  23      21.24     -16.78
 29  24       4.90      -3.35
 29  25      -8.50      17.53
 29  26      -2.70       1.86
 29  27     -18.55     -38.07
 29  28     -22.04       3.82
 29  29     -18.86      -6.74